# Amod fmod z Delta_Amod Delta_fmod
7.999999999999999516e-11 1.000000000000000036e-10 8.399999999999999689e-01 2.285746127803942138e-04 1.847966813726989422e-04
7.999999999999999516e-11 1.832980710832437419e-10 8.399999999999999689e-01 4.251572072527167470e-05 6.017917724900466599e-05
7.999999999999999516e-11 3.359818286283787719e-10 8.399999999999999689e-01 2.549410241522813346e-05 5.483131310720466421e-05
7.999999999999999516e-11 6.158482110660254848e-10 8.399999999999999689e-01 2.247335202901422274e-06 9.368616460171825253e-06
7.999999999999999516e-11 1.128837891684688263e-09 8.399999999999999689e-01 7.262432159892445771e-07 5.617838193375346319e-06
7.999999999999999516e-11 2.069138081114789946e-09 8.399999999999999689e-01 6.083958478547127151e-09 3.174410439945118528e-07
7.999999999999999516e-11 3.792690190732253654e-09 8.399999999999999689e-01 4.137955854992876621e-09 2.111497793425939639e-07
7.999999999999999516e-11 6.951927961775591174e-09 8.399999999999999689e-01 3.927771324778181574e-09 2.914753199240410273e-07
7.999999999999999516e-11 1.274274985703132061e-08 8.399999999999999689e-01 4.598582285843886973e-09 3.826271233797909108e-07
7.999999999999999516e-11 2.335721469090121435e-08 8.399999999999999689e-01 5.175268933282162556e-09 7.296246567500287686e-07
7.999999999999999516e-11 4.281332398719395868e-08 8.399999999999999689e-01 5.763650134511242889e-09 1.135714561039625655e-06
7.999999999999999516e-11 7.847599703514606690e-08 8.399999999999999689e-01 6.449787451794997573e-09 2.058042085185726073e-06
7.999999999999999516e-11 1.438449888287662961e-07 8.399999999999999689e-01 5.615412949059986429e-09 3.194114847419125255e-06
7.999999999999999516e-11 2.636650898730355393e-07 8.399999999999999689e-01 6.504220573510273650e-09 5.850463203082817552e-06
7.999999999999999516e-11 4.832930238571752032e-07 8.399999999999999689e-01 7.221797197932922755e-09 1.034139922257383574e-05
7.999999999999999516e-11 8.858667904100832524e-07 8.399999999999999689e-01 9.639886226524969837e-09 1.909368228236365807e-05
7.999999999999999516e-11 1.623776739188720875e-06 8.399999999999999689e-01 1.238925175858392550e-08 3.883265888835596137e-05
7.999999999999999516e-11 2.976351441631318993e-06 8.399999999999999689e-01 1.525367385485286176e-08 5.696719134049567200e-05
7.999999999999999516e-11 5.455594781168514170e-06 8.399999999999999689e-01 2.057024429067491669e-08 1.155659910162854686e-04
7.999999999999999516e-11 1.000000000000000082e-05 8.399999999999999689e-01 2.994604973583484709e-08 2.078393075990464403e-04
1.298160120010029006e-10 1.000000000000000036e-10 8.399999999999999689e-01 2.889106556852405016e-04 1.339351566246362588e-04
1.298160120010029006e-10 1.832980710832437419e-10 8.399999999999999689e-01 3.423012389205517874e-04 2.430144307768735106e-04
1.298160120010029006e-10 3.359818286283787719e-10 8.399999999999999689e-01 7.922676147499251755e-06 1.220317016239915017e-05
1.298160120010029006e-10 6.158482110660254848e-10 8.399999999999999689e-01 8.145294570659794794e-06 1.984710035272365720e-05
1.298160120010029006e-10 1.128837891684688263e-09 8.399999999999999689e-01 1.105894020650382346e-07 7.683542738310695098e-07
1.298160120010029006e-10 2.069138081114789946e-09 8.399999999999999689e-01 5.528596878057323601e-09 1.949761873286864518e-07
1.298160120010029006e-10 3.792690190732253654e-09 8.399999999999999689e-01 3.778000175434262001e-09 1.579238854665980367e-07
1.298160120010029006e-10 6.951927961775591174e-09 8.399999999999999689e-01 3.972645900544613920e-09 1.916341714217309204e-07
1.298160120010029006e-10 1.274274985703132061e-08 8.399999999999999689e-01 4.392866056763705665e-09 2.530557236830022781e-07
1.298160120010029006e-10 2.335721469090121435e-08 8.399999999999999689e-01 4.984758281858699497e-09 4.551114067801311833e-07
1.298160120010029006e-10 4.281332398719395868e-08 8.399999999999999689e-01 5.627144242423891832e-09 8.593390864421233364e-07
1.298160120010029006e-10 7.847599703514606690e-08 8.399999999999999689e-01 6.495906362500926480e-09 1.262593004384590674e-06
1.298160120010029006e-10 1.438449888287662961e-07 8.399999999999999689e-01 5.686510234967626998e-09 1.963047408139289181e-06
1.298160120010029006e-10 2.636650898730355393e-07 8.399999999999999689e-01 6.295233810568585134e-09 3.267211072619832204e-06
1.298160120010029006e-10 4.832930238571752032e-07 8.399999999999999689e-01 7.252547289716122644e-09 6.341920633349714487e-06
1.298160120010029006e-10 8.858667904100832524e-07 8.399999999999999689e-01 9.234498859015181301e-09 1.272918527283840843e-05
1.298160120010029006e-10 1.623776739188720875e-06 8.399999999999999689e-01 1.241012476983081727e-08 2.389652632351892681e-05
1.298160120010029006e-10 2.976351441631318993e-06 8.399999999999999689e-01 1.564550044427174814e-08 3.719106300339680796e-05
1.298160120010029006e-10 5.455594781168514170e-06 8.399999999999999689e-01 2.076707327971979635e-08 6.710829415472613910e-05
1.298160120010029006e-10 1.000000000000000082e-05 8.399999999999999689e-01 2.996744520437912319e-08 1.272596295935938214e-04
2.106524621480565186e-10 1.000000000000000036e-10 8.399999999999999689e-01 3.017948605943120990e-04 8.462020772079518105e-05
2.106524621480565186e-10 1.832980710832437419e-10 8.399999999999999689e-01 7.052501261296834783e-05 3.372920688726198287e-05
2.106524621480565186e-10 3.359818286283787719e-10 8.399999999999999689e-01 2.894217160394089444e-05 2.356009134079902766e-05
2.106524621480565186e-10 6.158482110660254848e-10 8.399999999999999689e-01 8.655308326536397041e-06 1.302741069367057875e-05
2.106524621480565186e-10 1.128837891684688263e-09 8.399999999999999689e-01 7.238920045249491679e-07 2.126862499025201706e-06
2.106524621480565186e-10 2.069138081114789946e-09 8.399999999999999689e-01 6.658953860025506399e-09 1.216597360446831989e-07
2.106524621480565186e-10 3.792690190732253654e-09 8.399999999999999689e-01 3.625574295998245003e-09 1.087974974605910736e-07
2.106524621480565186e-10 6.951927961775591174e-09 8.399999999999999689e-01 4.031391306633400050e-09 1.214400759117680109e-07
2.106524621480565186e-10 1.274274985703132061e-08 8.399999999999999689e-01 4.471792922355599559e-09 1.499357445850906267e-07
2.106524621480565186e-10 2.335721469090121435e-08 8.399999999999999689e-01 5.184639633587308818e-09 2.650113146202384105e-07
2.106524621480565186e-10 4.281332398719395868e-08 8.399999999999999689e-01 5.581152813359201366e-09 5.486587329212124369e-07
2.106524621480565186e-10 7.847599703514606690e-08 8.399999999999999689e-01 5.469108250215909658e-09 7.841417806099678847e-07
2.106524621480565186e-10 1.438449888287662961e-07 8.399999999999999689e-01 5.982966739190762614e-09 1.202499202520170971e-06
2.106524621480565186e-10 2.636650898730355393e-07 8.399999999999999689e-01 6.393657389408960613e-09 1.975320046658566466e-06
2.106524621480565186e-10 4.832930238571752032e-07 8.399999999999999689e-01 8.050969115065788414e-09 4.407987787050829428e-06
2.106524621480565186e-10 8.858667904100832524e-07 8.399999999999999689e-01 9.110491706270219051e-09 7.985588884442413940e-06
2.106524621480565186e-10 1.623776739188720875e-06 8.399999999999999689e-01 1.212946330969156510e-08 1.466817867412027778e-05
2.106524621480565186e-10 2.976351441631318993e-06 8.399999999999999689e-01 1.557794893708893656e-08 2.252751049937156197e-05
2.106524621480565186e-10 5.455594781168514170e-06 8.399999999999999689e-01 2.056920147257564087e-08 4.428617189434505362e-05
2.106524621480565186e-10 1.000000000000000082e-05 8.399999999999999689e-01 3.002395210812568401e-08 7.809461169014225159e-05
3.418257819281612818e-10 1.000000000000000036e-10 8.399999999999999689e-01 3.528129540365360062e-04 5.826271512542907394e-05
3.418257819281612818e-10 1.832980710832437419e-10 8.399999999999999689e-01 9.150378971110684570e-05 2.606475273066450173e-05
3.418257819281612818e-10 3.359818286283787719e-10 8.399999999999999689e-01 3.088298105241550021e-05 1.545963991306153738e-05
3.418257819281612818e-10 6.158482110660254848e-10 8.399999999999999689e-01 1.946862406032813365e-06 1.934697345589612313e-06
3.418257819281612818e-10 1.128837891684688263e-09 8.399999999999999689e-01 2.963646630743934899e-07 5.730764777100908798e-07
3.418257819281612818e-10 2.069138081114789946e-09 8.399999999999999689e-01 6.177328632583385665e-09 7.429543145153941351e-08
3.418257819281612818e-10 3.792690190732253654e-09 8.399999999999999689e-01 4.157362877237183472e-09 4.887103683841373146e-08
3.418257819281612818e-10 6.951927961775591174e-09 8.399999999999999689e-01 4.352163042272858117e-09 7.637860144419416956e-08
3.418257819281612818e-10 1.274274985703132061e-08 8.399999999999999689e-01 4.506565888863022229e-09 9.120515902076717941e-08
3.418257819281612818e-10 2.335721469090121435e-08 8.399999999999999689e-01 5.170335755798711915e-09 1.736743439220390621e-07
3.418257819281612818e-10 4.281332398719395868e-08 8.399999999999999689e-01 5.633226348727343823e-09 3.260159331363801074e-07
3.418257819281612818e-10 7.847599703514606690e-08 8.399999999999999689e-01 5.520603923470638331e-09 4.843429782400157962e-07
3.418257819281612818e-10 1.438449888287662961e-07 8.399999999999999689e-01 5.516208632002101562e-09 7.527452788051003008e-07
3.418257819281612818e-10 2.636650898730355393e-07 8.399999999999999689e-01 6.412452807761382936e-09 1.341315574060257005e-06
3.418257819281612818e-10 4.832930238571752032e-07 8.399999999999999689e-01 7.304173429668743730e-09 2.465985432282759789e-06
3.418257819281612818e-10 8.858667904100832524e-07 8.399999999999999689e-01 9.223457483252394611e-09 4.808890237107857658e-06
3.418257819281612818e-10 1.623776739188720875e-06 8.399999999999999689e-01 1.207305270518094839e-08 8.824113724325398033e-06
3.418257819281612818e-10 2.976351441631318993e-06 8.399999999999999689e-01 1.560110677950419770e-08 1.393147821167390978e-05
3.418257819281612818e-10 5.455594781168514170e-06 8.399999999999999689e-01 2.065693981397536033e-08 2.602682100290019374e-05
3.418257819281612818e-10 1.000000000000000082e-05 8.399999999999999689e-01 3.007044885035821444e-08 4.799231893463203806e-05
5.546807476129795974e-10 1.000000000000000036e-10 8.399999999999999689e-01 6.918645742102363678e-04 6.328614347188026739e-05
5.546807476129795974e-10 1.832980710832437419e-10 8.399999999999999689e-01 9.736069873937513313e-05 1.698007832975305370e-05
5.546807476129795974e-10 3.359818286283787719e-10 8.399999999999999689e-01 6.584737123259941111e-05 2.015628279140030055e-05
5.546807476129795974e-10 6.158482110660254848e-10 8.399999999999999689e-01 3.048257813425899033e-06 1.802276119280069928e-06
5.546807476129795974e-10 1.128837891684688263e-09 8.399999999999999689e-01 2.078937268876637750e-07 2.660618510238986434e-07
5.546807476129795974e-10 2.069138081114789946e-09 8.399999999999999689e-01 1.385945121316920516e-08 5.570185366325214339e-08
5.546807476129795974e-10 3.792690190732253654e-09 8.399999999999999689e-01 3.626505032516680169e-09 4.230937758989825841e-08
5.546807476129795974e-10 6.951927961775591174e-09 8.399999999999999689e-01 4.041123283106090839e-09 3.723241669118072368e-08
5.546807476129795974e-10 1.274274985703132061e-08 8.399999999999999689e-01 4.453626501843676166e-09 5.683213241688738005e-08
5.546807476129795974e-10 2.335721469090121435e-08 8.399999999999999689e-01 5.164712493257149985e-09 9.820824393402591403e-08
5.546807476129795974e-10 4.281332398719395868e-08 8.399999999999999689e-01 5.582612233272478938e-09 2.068778012520319278e-07
5.546807476129795974e-10 7.847599703514606690e-08 8.399999999999999689e-01 6.455955468773460300e-09 2.971816415924800005e-07
5.546807476129795974e-10 1.438449888287662961e-07 8.399999999999999689e-01 6.321171037828686544e-09 4.557679940621429824e-07
5.546807476129795974e-10 2.636650898730355393e-07 8.399999999999999689e-01 6.283907593936802223e-09 7.877669413905056278e-07
5.546807476129795974e-10 4.832930238571752032e-07 8.399999999999999689e-01 7.688454204416874761e-09 1.606762991081480460e-06
5.546807476129795974e-10 8.858667904100832524e-07 8.399999999999999689e-01 9.020544452417512813e-09 3.169324602183648996e-06
5.546807476129795974e-10 1.623776739188720875e-06 8.399999999999999689e-01 1.196935547395927766e-08 5.296761755107701209e-06
5.546807476129795974e-10 2.976351441631318993e-06 8.399999999999999689e-01 1.556489133145213080e-08 8.456811592452761754e-06
5.546807476129795974e-10 5.455594781168514170e-06 8.399999999999999689e-01 2.055687604783692376e-08 1.674467531190895346e-05
5.546807476129795974e-10 1.000000000000000082e-05 8.399999999999999689e-01 2.999170876758716061e-08 2.972882523709386378e-05
9.000805323606473659e-10 1.000000000000000036e-10 8.399999999999999689e-01 2.530301449867725962e-04 1.763475513543624453e-05
9.000805323606473659e-10 1.832980710832437419e-10 8.399999999999999689e-01 2.537869882452710836e-04 2.599914499271047808e-05
9.000805323606473659e-10 3.359818286283787719e-10 8.399999999999999689e-01 6.490066781767857653e-05 1.224338436228303540e-05
9.000805323606473659e-10 6.158482110660254848e-10 8.399999999999999689e-01 1.016112337930236302e-05 3.566262530452589905e-06
9.000805323606473659e-10 1.128837891684688263e-09 8.399999999999999689e-01 6.927824462104002502e-07 4.769033378788228056e-07
9.000805323606473659e-10 2.069138081114789946e-09 8.399999999999999689e-01 1.241102865698624780e-08 3.284396062946129831e-08
9.000805323606473659e-10 3.792690190732253654e-09 8.399999999999999689e-01 4.268976613496187087e-09 1.762839018938634901e-08
9.000805323606473659e-10 6.951927961775591174e-09 8.399999999999999689e-01 3.948687436862135128e-09 2.788493200345448430e-08
9.000805323606473659e-10 1.274274985703132061e-08 8.399999999999999689e-01 4.853821816190227717e-09 3.436505068830951426e-08
9.000805323606473659e-10 2.335721469090121435e-08 8.399999999999999689e-01 5.022030178051194998e-09 6.699763895444556509e-08
9.000805323606473659e-10 4.281332398719395868e-08 8.399999999999999689e-01 5.613402280218443402e-09 1.270257568009485088e-07
9.000805323606473659e-10 7.847599703514606690e-08 8.399999999999999689e-01 6.085787328868041619e-09 1.862265045417962516e-07
9.000805323606473659e-10 1.438449888287662961e-07 8.399999999999999689e-01 5.510349510779595177e-09 2.861516764157914236e-07
9.000805323606473659e-10 2.636650898730355393e-07 8.399999999999999689e-01 6.332848678671929699e-09 4.662088862611119078e-07
9.000805323606473659e-10 4.832930238571752032e-07 8.399999999999999689e-01 8.071024467252271409e-09 1.033908206168057348e-06
9.000805323606473659e-10 8.858667904100832524e-07 8.399999999999999689e-01 9.057498368325052087e-09 1.887042392839372735e-06
9.000805323606473659e-10 1.623776739188720875e-06 8.399999999999999689e-01 1.237457640434418939e-08 3.461249829387586411e-06
9.000805323606473659e-10 2.976351441631318993e-06 8.399999999999999689e-01 1.530426173143808276e-08 5.064442111623586642e-06
9.000805323606473659e-10 5.455594781168514170e-06 8.399999999999999689e-01 2.091270357699734284e-08 9.498617958629450639e-06
9.000805323606473659e-10 1.000000000000000082e-05 8.399999999999999689e-01 2.980066187224898022e-08 1.884836205939103651e-05
1.460560814884985480e-09 1.000000000000000036e-10 8.399999999999999689e-01 3.118428276427176525e-04 1.232991260351383261e-05
1.460560814884985480e-09 1.832980710832437419e-10 8.399999999999999689e-01 1.244860344506096424e-04 8.088056604153777383e-06
1.460560814884985480e-09 3.359818286283787719e-10 8.399999999999999689e-01 2.515131299603634639e-05 2.978415057972444672e-06
1.460560814884985480e-09 6.158482110660254848e-10 8.399999999999999689e-01 2.919878975226360931e-06 6.514307717460759851e-07
1.460560814884985480e-09 1.128837891684688263e-09 8.399999999999999689e-01 7.351759782090139207e-07 3.114245849164237102e-07
1.460560814884985480e-09 2.069138081114789946e-09 8.399999999999999689e-01 9.876282789170200078e-09 1.889086742838431325e-08
1.460560814884985480e-09 3.792690190732253654e-09 8.399999999999999689e-01 4.050641914867014105e-09 1.206531537365352702e-08
1.460560814884985480e-09 6.951927961775591174e-09 8.399999999999999689e-01 4.394838663379201052e-09 1.779380750027358526e-08
1.460560814884985480e-09 1.274274985703132061e-08 8.399999999999999689e-01 4.796473785482227571e-09 2.092271988725654468e-08
1.460560814884985480e-09 2.335721469090121435e-08 8.399999999999999689e-01 5.094081870981746039e-09 4.169252709473043067e-08
1.460560814884985480e-09 4.281332398719395868e-08 8.399999999999999689e-01 5.647320559278818765e-09 7.562475444484604525e-08
1.460560814884985480e-09 7.847599703514606690e-08 8.399999999999999689e-01 6.273434364164625567e-09 1.145575750935955717e-07
1.460560814884985480e-09 1.438449888287662961e-07 8.399999999999999689e-01 6.065436674980323720e-09 1.732912387994854173e-07
1.460560814884985480e-09 2.636650898730355393e-07 8.399999999999999689e-01 6.323793830338048903e-09 3.040225486122586252e-07
1.460560814884985480e-09 4.832930238571752032e-07 8.399999999999999689e-01 7.683401484018618091e-09 6.108201768795142945e-07
1.460560814884985480e-09 8.858667904100832524e-07 8.399999999999999689e-01 8.945346608042511330e-09 1.238362592677314132e-06
1.460560814884985480e-09 1.623776739188720875e-06 8.399999999999999689e-01 1.206014116140522381e-08 2.056592467799201655e-06
1.460560814884985480e-09 2.976351441631318993e-06 8.399999999999999689e-01 1.555821697408937706e-08 3.226168784869023166e-06
1.460560814884985480e-09 5.455594781168514170e-06 8.399999999999999689e-01 2.067337684765617157e-08 6.063053199929938602e-06
1.460560814884985480e-09 1.000000000000000082e-05 8.399999999999999689e-01 2.985012742585132994e-08 1.149329779199126981e-05
2.370052253416296868e-09 1.000000000000000036e-10 8.399999999999999689e-01 1.754341350287808281e-04 5.361304761491900445e-06
2.370052253416296868e-09 1.832980710832437419e-10 8.399999999999999689e-01 1.970297844059136635e-04 7.743447555687870456e-06
2.370052253416296868e-09 3.359818286283787719e-10 8.399999999999999689e-01 2.103242526923739504e-05 1.540255167558720290e-06
2.370052253416296868e-09 6.158482110660254848e-10 8.399999999999999689e-01 1.675163487622583268e-06 2.458464319127409640e-07
2.370052253416296868e-09 1.128837891684688263e-09 8.399999999999999689e-01 3.000938714466643974e-07 8.352780549895214194e-08
2.370052253416296868e-09 2.069138081114789946e-09 8.399999999999999689e-01 5.731128534029722132e-09 1.068221256781104160e-08
2.370052253416296868e-09 3.792690190732253654e-09 8.399999999999999689e-01 3.665504646448033553e-09 9.191577426827647522e-09
2.370052253416296868e-09 6.951927961775591174e-09 8.399999999999999689e-01 4.161479423287742138e-09 1.108225260988881752e-08
2.370052253416296868e-09 1.274274985703132061e-08 8.399999999999999689e-01 4.515066777417940342e-09 1.317851656035952628e-08
2.370052253416296868e-09 2.335721469090121435e-08 8.399999999999999689e-01 5.205871247800386048e-09 2.389750682217032467e-08
2.370052253416296868e-09 4.281332398719395868e-08 8.399999999999999689e-01 5.729470190199811148e-09 3.942030183200270985e-08
2.370052253416296868e-09 7.847599703514606690e-08 8.399999999999999689e-01 6.415339872365655836e-09 7.027997428400344009e-08
2.370052253416296868e-09 1.438449888287662961e-07 8.399999999999999689e-01 6.430042793314913150e-09 1.067037640238100478e-07
2.370052253416296868e-09 2.636650898730355393e-07 8.399999999999999689e-01 6.287084952801698054e-09 1.832541626479371513e-07
2.370052253416296868e-09 4.832930238571752032e-07 8.399999999999999689e-01 7.277897541788230962e-09 3.467928575046212395e-07
2.370052253416296868e-09 8.858667904100832524e-07 8.399999999999999689e-01 9.038309946364387323e-09 7.371388764537790492e-07
2.370052253416296868e-09 1.623776739188720875e-06 8.399999999999999689e-01 1.229335554864955616e-08 1.316193369565981884e-06
2.370052253416296868e-09 2.976351441631318993e-06 8.399999999999999689e-01 1.528744976671484867e-08 1.923441539324902881e-06
2.370052253416296868e-09 5.455594781168514170e-06 8.399999999999999689e-01 2.071365240413162267e-08 3.711518095420374884e-06
2.370052253416296868e-09 1.000000000000000082e-05 8.399999999999999689e-01 2.980382913723545274e-08 7.164076804260913966e-06
3.845884147156173360e-09 1.000000000000000036e-10 8.399999999999999689e-01 1.558313589345701120e-03 2.040637173003834659e-05
3.845884147156173360e-09 1.832980710832437419e-10 8.399999999999999689e-01 3.084461154733824642e-05 1.021834095145488514e-06
3.845884147156173360e-09 3.359818286283787719e-10 8.399999999999999689e-01 3.902987244149228193e-05 1.733531468678950711e-06
3.845884147156173360e-09 6.158482110660254848e-10 8.399999999999999689e-01 3.659514642535365303e-06 3.062719948554552962e-07
3.845884147156173360e-09 1.128837891684688263e-09 8.399999999999999689e-01 2.969272617625579441e-07 5.099687591170225164e-08
3.845884147156173360e-09 2.069138081114789946e-09 8.399999999999999689e-01 1.456155642892574750e-08 8.204116122043255723e-09
3.845884147156173360e-09 3.792690190732253654e-09 8.399999999999999689e-01 3.634490644049360828e-09 5.994774899002714120e-09
3.845884147156173360e-09 6.951927961775591174e-09 8.399999999999999689e-01 3.987270149309274070e-09 6.535881529264637642e-09
3.845884147156173360e-09 1.274274985703132061e-08 8.399999999999999689e-01 4.732715887441615423e-09 7.923975832828929989e-09
3.845884147156173360e-09 2.335721469090121435e-08 8.399999999999999689e-01 5.135257050762776535e-09 1.584260405749815932e-08
3.845884147156173360e-09 4.281332398719395868e-08 8.399999999999999689e-01 5.395560574642720123e-09 3.020459932043933958e-08
3.845884147156173360e-09 7.847599703514606690e-08 8.399999999999999689e-01 6.452150817462812305e-09 4.277339182175762720e-08
3.845884147156173360e-09 1.438449888287662961e-07 8.399999999999999689e-01 6.310957765185828360e-09 6.574274090240238422e-08
3.845884147156173360e-09 2.636650898730355393e-07 8.399999999999999689e-01 6.618839508031585961e-09 1.070126860586397395e-07
3.845884147156173360e-09 4.832930238571752032e-07 8.399999999999999689e-01 7.234122699397544371e-09 2.144940882654663624e-07
3.845884147156173360e-09 8.858667904100832524e-07 8.399999999999999689e-01 9.257006390470644586e-09 4.212367839832815409e-07
3.845884147156173360e-09 1.623776739188720875e-06 8.399999999999999689e-01 1.223580162246984101e-08 8.060685848626735855e-07
3.845884147156173360e-09 2.976351441631318993e-06 8.399999999999999689e-01 1.539355377312762707e-08 1.194633724549972253e-06
3.845884147156173360e-09 5.455594781168514170e-06 8.399999999999999689e-01 2.066923863264183203e-08 2.303910398050590634e-06
3.845884147156173360e-09 1.000000000000000082e-05 8.399999999999999689e-01 2.973418059327870896e-08 4.474893304770294712e-06
6.240716782521154339e-09 1.000000000000000036e-10 8.399999999999999689e-01 2.958754007475764762e-04 2.820313408180700776e-06
6.240716782521154339e-09 1.832980710832437419e-10 8.399999999999999689e-01 3.876426847109254903e-04 5.726655029142271018e-06
6.240716782521154339e-09 3.359818286283787719e-10 8.399999999999999689e-01 6.035819423696068519e-06 2.103260762725633551e-07
6.240716782521154339e-09 6.158482110660254848e-10 8.399999999999999689e-01 2.149873716999286590e-06 1.155353402701452347e-07
6.240716782521154339e-09 1.128837891684688263e-09 8.399999999999999689e-01 1.466462212021146172e-07 1.870245142264941875e-08
6.240716782521154339e-09 2.069138081114789946e-09 8.399999999999999689e-01 1.554511988092667231e-08 5.202719416143800515e-09
6.240716782521154339e-09 3.792690190732253654e-09 8.399999999999999689e-01 4.252678544873184395e-09 2.564395323045292508e-09
6.240716782521154339e-09 6.951927961775591174e-09 8.399999999999999689e-01 3.948096903716833810e-09 3.552880960471028874e-09
6.240716782521154339e-09 1.274274985703132061e-08 8.399999999999999689e-01 4.739829476588188841e-09 4.886206134415066336e-09
6.240716782521154339e-09 2.335721469090121435e-08 8.399999999999999689e-01 5.126590000961007864e-09 9.776073015651540411e-09
6.240716782521154339e-09 4.281332398719395868e-08 8.399999999999999689e-01 5.701195235718532600e-09 1.644533016066344787e-08
6.240716782521154339e-09 7.847599703514606690e-08 8.399999999999999689e-01 6.376068202342794420e-09 2.666085626614765841e-08
6.240716782521154339e-09 1.438449888287662961e-07 8.399999999999999689e-01 6.136031309839557774e-09 4.052973555417405647e-08
6.240716782521154339e-09 2.636650898730355393e-07 8.399999999999999689e-01 6.539036869713663685e-09 6.606978535510574810e-08
6.240716782521154339e-09 4.832930238571752032e-07 8.399999999999999689e-01 7.836842309603891485e-09 1.447406017310763279e-07
6.240716782521154339e-09 8.858667904100832524e-07 8.399999999999999689e-01 8.962124491097448238e-09 2.847601864495271646e-07
6.240716782521154339e-09 1.623776739188720875e-06 8.399999999999999689e-01 1.225560545014839106e-08 4.999798791285453417e-07
6.240716782521154339e-09 2.976351441631318993e-06 8.399999999999999689e-01 1.523425383170740862e-08 7.302814216902605605e-07
6.240716782521154339e-09 5.455594781168514170e-06 8.399999999999999689e-01 2.065075994475246165e-08 1.427528575784133013e-06
6.240716782521154339e-09 1.000000000000000082e-05 8.399999999999999689e-01 2.996257529254515084e-08 2.650307831894840321e-06
1.012681205918280571e-08 1.000000000000000036e-10 8.399999999999999689e-01 1.169463070109201574e-03 5.774354034685164160e-06
1.012681205918280571e-08 1.832980710832437419e-10 8.399999999999999689e-01 6.246781063368705544e-04 5.663726003656016926e-06
1.012681205918280571e-08 3.359818286283787719e-10 8.399999999999999689e-01 3.140297398691798227e-05 5.306461340961863174e-07
1.012681205918280571e-08 6.158482110660254848e-10 8.399999999999999689e-01 8.155383420997809344e-06 2.555177913602571762e-07
1.012681205918280571e-08 1.128837891684688263e-09 8.399999999999999689e-01 3.672971125953229383e-07 2.332145619136307372e-08
1.012681205918280571e-08 2.069138081114789946e-09 8.399999999999999689e-01 8.443868787052453461e-09 2.627029788166651646e-09
1.012681205918280571e-08 3.792690190732253654e-09 8.399999999999999689e-01 3.614862813812739698e-09 2.293897967334158561e-09
1.012681205918280571e-08 6.951927961775591174e-09 8.399999999999999689e-01 4.273697955980118373e-09 2.592635842109406857e-09
1.012681205918280571e-08 1.274274985703132061e-08 8.399999999999999689e-01 4.782652092396791214e-09 3.020614354535412393e-09
1.012681205918280571e-08 2.335721469090121435e-08 8.399999999999999689e-01 5.195290567802911525e-09 5.611277710032128954e-09
1.012681205918280571e-08 4.281332398719395868e-08 8.399999999999999689e-01 5.673745900794612146e-09 1.034314945777304189e-08
1.012681205918280571e-08 7.847599703514606690e-08 8.399999999999999689e-01 6.020493836240063661e-09 1.656949935492242331e-08
1.012681205918280571e-08 1.438449888287662961e-07 8.399999999999999689e-01 6.007877431461013616e-09 2.500289753156127252e-08
1.012681205918280571e-08 2.636650898730355393e-07 8.399999999999999689e-01 6.357432014365043359e-09 4.471255660067958416e-08
1.012681205918280571e-08 4.832930238571752032e-07 8.399999999999999689e-01 7.623833534310600646e-09 8.701306027359347396e-08
1.012681205918280571e-08 8.858667904100832524e-07 8.399999999999999689e-01 9.333215083353604607e-09 1.601872891399444209e-07
1.012681205918280571e-08 1.623776739188720875e-06 8.399999999999999689e-01 1.185580480892422108e-08 2.876218531685119927e-07
1.012681205918280571e-08 2.976351441631318993e-06 8.399999999999999689e-01 1.551925818338094999e-08 4.630034564499832290e-07
1.012681205918280571e-08 5.455594781168514170e-06 8.399999999999999689e-01 2.060063853571833305e-08 9.345824717609512769e-07
1.012681205918280571e-08 1.000000000000000082e-05 8.399999999999999689e-01 2.970356322581802966e-08 1.707567290907719364e-06
1.643277944758465807e-08 1.000000000000000036e-10 8.399999999999999689e-01 2.814743790774263538e-03 8.569656561344868361e-06
1.643277944758465807e-08 1.832980710832437419e-10 8.399999999999999689e-01 7.644437614621228335e-05 4.629274821403411318e-07
1.643277944758465807e-08 3.359818286283787719e-10 8.399999999999999689e-01 1.370764511648610249e-05 1.508255347527936038e-07
1.643277944758465807e-08 6.158482110660254848e-10 8.399999999999999689e-01 2.571303072324094687e-06 5.204337806501321939e-08
1.643277944758465807e-08 1.128837891684688263e-09 8.399999999999999689e-01 5.899439358479568295e-07 2.236324542185678386e-08
1.643277944758465807e-08 2.069138081114789946e-09 8.399999999999999689e-01 6.651168838098330487e-09 1.553716527706272764e-09
1.643277944758465807e-08 3.792690190732253654e-09 8.399999999999999689e-01 4.140345276922758814e-09 1.031142687988426625e-09
1.643277944758465807e-08 6.951927961775591174e-09 8.399999999999999689e-01 3.971583374372020909e-09 1.519545197993707246e-09
1.643277944758465807e-08 1.274274985703132061e-08 8.399999999999999689e-01 4.437163046379584469e-09 1.959291013829856074e-09
1.643277944758465807e-08 2.335721469090121435e-08 8.399999999999999689e-01 5.146458941789273828e-09 3.294832470832248672e-09
1.643277944758465807e-08 4.281332398719395868e-08 8.399999999999999689e-01 5.649699021177099331e-09 6.638254806535306470e-09
1.643277944758465807e-08 7.847599703514606690e-08 8.399999999999999689e-01 6.316344049554136183e-09 1.017994475160209558e-08
1.643277944758465807e-08 1.438449888287662961e-07 8.399999999999999689e-01 5.501606579316579298e-09 1.574024831922856647e-08
1.643277944758465807e-08 2.636650898730355393e-07 8.399999999999999689e-01 6.768923534928090666e-09 2.504711092274258631e-08
1.643277944758465807e-08 4.832930238571752032e-07 8.399999999999999689e-01 7.549712794529476631e-09 5.319667682880281873e-08
1.643277944758465807e-08 8.858667904100832524e-07 8.399999999999999689e-01 9.792282716153322023e-09 9.007055228025983188e-08
1.643277944758465807e-08 1.623776739188720875e-06 8.399999999999999689e-01 1.186789118284648848e-08 1.747464003015832125e-07
1.643277944758465807e-08 2.976351441631318993e-06 8.399999999999999689e-01 1.530181657760840420e-08 2.774949683260793627e-07
1.643277944758465807e-08 5.455594781168514170e-06 8.399999999999999689e-01 2.057137268415845305e-08 5.549556309652533002e-07
1.643277944758465807e-08 1.000000000000000082e-05 8.399999999999999689e-01 2.985601077758876183e-08 1.020261584742972178e-06
2.666547367471853616e-08 1.000000000000000036e-10 8.399999999999999689e-01 3.420191364555938331e-04 7.345412413498963008e-07
2.666547367471853616e-08 1.832980710832437419e-10 8.399999999999999689e-01 1.970841989168749546e-04 6.881571830165887577e-07
2.666547367471853616e-08 3.359818286283787719e-10 8.399999999999999689e-01 4.891826120387995170e-05 3.123220840371034008e-07
2.666547367471853616e-08 6.158482110660254848e-10 8.399999999999999689e-01 1.863575959240256840e-06 2.388284498635699557e-08
2.666547367471853616e-08 1.128837891684688263e-09 8.399999999999999689e-01 1.101964053530339545e-06 2.543735669121360245e-08
2.666547367471853616e-08 2.069138081114789946e-09 8.399999999999999689e-01 7.593772152547624669e-09 9.752379153010670169e-10
2.666547367471853616e-08 3.792690190732253654e-09 8.399999999999999689e-01 3.754089753686176267e-09 7.814430416189496638e-10
2.666547367471853616e-08 6.951927961775591174e-09 8.399999999999999689e-01 3.900705852342187739e-09 8.946350065821696618e-10
2.666547367471853616e-08 1.274274985703132061e-08 8.399999999999999689e-01 4.857689161557688197e-09 1.157693027692510834e-09
2.666547367471853616e-08 2.335721469090121435e-08 8.399999999999999689e-01 5.085347214080694755e-09 2.291323147272164385e-09
2.666547367471853616e-08 4.281332398719395868e-08 8.399999999999999689e-01 5.593270879166418511e-09 4.301506563226455147e-09
2.666547367471853616e-08 7.847599703514606690e-08 8.399999999999999689e-01 5.790825238179979563e-09 6.271198990518247952e-09
2.666547367471853616e-08 1.438449888287662961e-07 8.399999999999999689e-01 6.395494853516861878e-09 9.482537265030740440e-09
2.666547367471853616e-08 2.636650898730355393e-07 8.399999999999999689e-01 6.281021124222680838e-09 1.630428305334796391e-08
2.666547367471853616e-08 4.832930238571752032e-07 8.399999999999999689e-01 7.805402362199250861e-09 3.398311848378469939e-08
2.666547367471853616e-08 8.858667904100832524e-07 8.399999999999999689e-01 9.805986591693676578e-09 5.554138459033812117e-08
2.666547367471853616e-08 1.623776739188720875e-06 8.399999999999999689e-01 1.246388097965956761e-08 1.133366360542075617e-07
2.666547367471853616e-08 2.976351441631318993e-06 8.399999999999999689e-01 1.539006153567347641e-08 1.719013863893827622e-07
2.666547367471853616e-08 5.455594781168514170e-06 8.399999999999999689e-01 2.133886783890699027e-08 3.096645662994697966e-07
2.666547367471853616e-08 1.000000000000000082e-05 8.399999999999999689e-01 3.034869460380551512e-08 5.993878318213209868e-07
4.327006813212109066e-08 1.000000000000000036e-10 8.399999999999999689e-01 3.834518457433061566e-04 4.883571189784156335e-07
4.327006813212109066e-08 1.832980710832437419e-10 8.399999999999999689e-01 1.007266404518347247e-04 2.247317503783957663e-07
4.327006813212109066e-08 3.359818286283787719e-10 8.399999999999999689e-01 9.246519388057459254e-06 4.118947867063257809e-08
4.327006813212109066e-08 6.158482110660254848e-10 8.399999999999999689e-01 3.214112463737630450e-06 2.427064150363957083e-08
4.327006813212109066e-08 1.128837891684688263e-09 8.399999999999999689e-01 5.626469010918800002e-07 8.115188229779817909e-09
4.327006813212109066e-08 2.069138081114789946e-09 8.399999999999999689e-01 5.913826079996126675e-09 5.838950467660875512e-10
4.327006813212109066e-08 3.792690190732253654e-09 8.399999999999999689e-01 4.380316925530730536e-09 3.473266561162366212e-10
4.327006813212109066e-08 6.951927961775591174e-09 8.399999999999999689e-01 4.027408056065260122e-09 4.784467368246251568e-10
4.327006813212109066e-08 1.274274985703132061e-08 8.399999999999999689e-01 4.423065799136460265e-09 7.654920947720501538e-10
4.327006813212109066e-08 2.335721469090121435e-08 8.399999999999999689e-01 5.208233883781619777e-09 1.319438106281159751e-09
4.327006813212109066e-08 4.281332398719395868e-08 8.399999999999999689e-01 5.357325801769071377e-09 2.668268470559638078e-09
4.327006813212109066e-08 7.847599703514606690e-08 8.399999999999999689e-01 6.309731205606621358e-09 3.871996068328516898e-09
4.327006813212109066e-08 1.438449888287662961e-07 8.399999999999999689e-01 5.583478397698964423e-09 5.915602499510720697e-09
4.327006813212109066e-08 2.636650898730355393e-07 8.399999999999999689e-01 6.298363942769666968e-09 9.787873110542245461e-09
4.327006813212109066e-08 4.832930238571752032e-07 8.399999999999999689e-01 7.960071829352314975e-09 2.125684717120439428e-08
4.327006813212109066e-08 8.858667904100832524e-07 8.399999999999999689e-01 9.708949828418067875e-09 3.478034449537632844e-08
4.327006813212109066e-08 1.623776739188720875e-06 8.399999999999999689e-01 1.243184503589526145e-08 6.991489812184737190e-08
4.327006813212109066e-08 2.976351441631318993e-06 8.399999999999999689e-01 1.523711729661165850e-08 1.053490026556560766e-07
4.327006813212109066e-08 5.455594781168514170e-06 8.399999999999999689e-01 2.066922744406829630e-08 2.050737439882193847e-07
4.327006813212109066e-08 1.000000000000000082e-05 8.399999999999999689e-01 3.016528220021038817e-08 3.753423022448412366e-07
7.021434604904553075e-08 1.000000000000000036e-10 8.399999999999999689e-01 3.287434473152226703e-04 2.708852336010561988e-07
7.021434604904553075e-08 1.832980710832437419e-10 8.399999999999999689e-01 6.069972059149204933e-04 7.937283923451635880e-07
7.021434604904553075e-08 3.359818286283787719e-10 8.399999999999999689e-01 2.390574200836099655e-05 5.900707783732734096e-08
7.021434604904553075e-08 6.158482110660254848e-10 8.399999999999999689e-01 1.685117462417304330e-06 8.337908327451130635e-09
7.021434604904553075e-08 1.128837891684688263e-09 8.399999999999999689e-01 1.383743363469854786e-07 1.605394932868996561e-09
7.021434604904553075e-08 2.069138081114789946e-09 8.399999999999999689e-01 5.550373589086981409e-09 3.620800719327525891e-10
7.021434604904553075e-08 3.792690190732253654e-09 8.399999999999999689e-01 3.674810257917727046e-09 3.417718863449112733e-10
7.021434604904553075e-08 6.951927961775591174e-09 8.399999999999999689e-01 3.985458435619565480e-09 3.020831603408565418e-10
7.021434604904553075e-08 1.274274985703132061e-08 8.399999999999999689e-01 4.477301741456200735e-09 4.508681647853099347e-10
7.021434604904553075e-08 2.335721469090121435e-08 8.399999999999999689e-01 5.085464347793183533e-09 8.718282880581872152e-10
7.021434604904553075e-08 4.281332398719395868e-08 8.399999999999999689e-01 5.653802121572851666e-09 1.576207618342663019e-09
7.021434604904553075e-08 7.847599703514606690e-08 8.399999999999999689e-01 5.648829845467323396e-09 2.369210185147235489e-09
7.021434604904553075e-08 1.438449888287662961e-07 8.399999999999999689e-01 5.575811115807008681e-09 3.647087766966869996e-09
7.021434604904553075e-08 2.636650898730355393e-07 8.399999999999999689e-01 6.292798330446007751e-09 6.047208409724200196e-09
7.021434604904553075e-08 4.832930238571752032e-07 8.399999999999999689e-01 7.290329423662209702e-09 1.170282425788969835e-08
7.021434604904553075e-08 8.858667904100832524e-07 8.399999999999999689e-01 8.950429735737188982e-09 2.569609100120313403e-08
7.021434604904553075e-08 1.623776739188720875e-06 8.399999999999999689e-01 1.177507717676425110e-08 3.986102914096251637e-08
7.021434604904553075e-08 2.976351441631318993e-06 8.399999999999999689e-01 1.548379796679481955e-08 6.572680379058600024e-08
7.021434604904553075e-08 5.455594781168514170e-06 8.399999999999999689e-01 2.085378256977952824e-08 1.227674014780343486e-07
7.021434604904553075e-08 1.000000000000000082e-05 8.399999999999999689e-01 3.038707687494166755e-08 2.272710882693832901e-07
1.139368298668182587e-07 1.000000000000000036e-10 8.399999999999999689e-01 2.089747007896841852e-04 1.224675909492591337e-07
1.139368298668182587e-07 1.832980710832437419e-10 8.399999999999999689e-01 7.817787231376841276e-05 6.792295460769509007e-08
1.139368298668182587e-07 3.359818286283787719e-10 8.399999999999999689e-01 9.624537476192883043e-05 1.430022763165318392e-07
1.139368298668182587e-07 6.158482110660254848e-10 8.399999999999999689e-01 2.173923442767157495e-06 6.390294281274530129e-09
1.139368298668182587e-07 1.128837891684688263e-09 8.399999999999999689e-01 4.302367213820484770e-07 2.393728984964440014e-09
1.139368298668182587e-07 2.069138081114789946e-09 8.399999999999999689e-01 1.316344400207035638e-08 2.654006815356379701e-10
1.139368298668182587e-07 3.792690190732253654e-09 8.399999999999999689e-01 3.662833693459014916e-09 1.941354493149979166e-10
1.139368298668182587e-07 6.951927961775591174e-09 8.399999999999999689e-01 4.216462766592210543e-09 2.311395132604112033e-10
1.139368298668182587e-07 1.274274985703132061e-08 8.399999999999999689e-01 4.434535870203949113e-09 2.785592971138045105e-10
1.139368298668182587e-07 2.335721469090121435e-08 8.399999999999999689e-01 5.127687045266645879e-09 5.344945974770560150e-10
1.139368298668182587e-07 4.281332398719395868e-08 8.399999999999999689e-01 5.717898319773740290e-09 8.924846296645872063e-10
1.139368298668182587e-07 7.847599703514606690e-08 8.399999999999999689e-01 6.382072524931100864e-09 1.464621294590583579e-09
1.139368298668182587e-07 1.438449888287662961e-07 8.399999999999999689e-01 5.505843686810589028e-09 2.262540985259997827e-09
1.139368298668182587e-07 2.636650898730355393e-07 8.399999999999999689e-01 6.335232079184667108e-09 3.919556830934168360e-09
1.139368298668182587e-07 4.832930238571752032e-07 8.399999999999999689e-01 7.235517826964818632e-09 7.272227444943062174e-09
1.139368298668182587e-07 8.858667904100832524e-07 8.399999999999999689e-01 9.060338443386031827e-09 1.500467610818505011e-08
1.139368298668182587e-07 1.623776739188720875e-06 8.399999999999999689e-01 1.217623247495569477e-08 2.719121056810719061e-08
1.139368298668182587e-07 2.976351441631318993e-06 8.399999999999999689e-01 1.549770535611550385e-08 4.056344944062207058e-08
1.139368298668182587e-07 5.455594781168514170e-06 8.399999999999999689e-01 2.106865009867487740e-08 7.386065244745004833e-08
1.139368298668182587e-07 1.000000000000000082e-05 8.399999999999999689e-01 3.047763451689555540e-08 1.391024963407901502e-07
1.848853109168387493e-07 1.000000000000000036e-10 8.399999999999999689e-01 2.026368928338435492e-04 7.459256133313561697e-08
1.848853109168387493e-07 1.832980710832437419e-10 8.399999999999999689e-01 3.971107971734859116e-04 1.973489278534115312e-07
1.848853109168387493e-07 3.359818286283787719e-10 8.399999999999999689e-01 3.802109556901748318e-05 3.514249819750888399e-08
1.848853109168387493e-07 6.158482110660254848e-10 8.399999999999999689e-01 3.540663664862177630e-06 6.173598407299927396e-09
1.848853109168387493e-07 1.128837891684688263e-09 8.399999999999999689e-01 3.217288335266247999e-07 1.136442936195587420e-09
1.848853109168387493e-07 2.069138081114789946e-09 8.399999999999999689e-01 1.884694138618184973e-08 1.931032213657523857e-10
1.848853109168387493e-07 3.792690190732253654e-09 8.399999999999999689e-01 3.997838929072718860e-09 9.821325635302701919e-11
1.848853109168387493e-07 6.951927961775591174e-09 8.399999999999999689e-01 4.064541482175105422e-09 1.101915347135763282e-10
1.848853109168387493e-07 1.274274985703132061e-08 8.399999999999999689e-01 4.616143512828039387e-09 1.654230514894211771e-10
1.848853109168387493e-07 2.335721469090121435e-08 8.399999999999999689e-01 5.164920734782380416e-09 3.240866517140072357e-10
1.848853109168387493e-07 4.281332398719395868e-08 8.399999999999999689e-01 5.668624295990852791e-09 5.734822033370064923e-10
1.848853109168387493e-07 7.847599703514606690e-08 8.399999999999999689e-01 6.466592700163192119e-09 8.960129025361827881e-10
1.848853109168387493e-07 1.438449888287662961e-07 8.399999999999999689e-01 5.711648294789235800e-09 1.377356110932831355e-09
1.848853109168387493e-07 2.636650898730355393e-07 8.399999999999999689e-01 6.375335927176860585e-09 2.466671378759594352e-09
1.848853109168387493e-07 4.832930238571752032e-07 8.399999999999999689e-01 7.238112891591963466e-09 4.480830571435394916e-09
1.848853109168387493e-07 8.858667904100832524e-07 8.399999999999999689e-01 9.802509122065915533e-09 8.054950382188869849e-09
1.848853109168387493e-07 1.623776739188720875e-06 8.399999999999999689e-01 1.175887819254534128e-08 1.527198664795024239e-08
1.848853109168387493e-07 2.976351441631318993e-06 8.399999999999999689e-01 1.526154178877236070e-08 2.464126407235253216e-08
1.848853109168387493e-07 5.455594781168514170e-06 8.399999999999999689e-01 2.110422326149764585e-08 4.547691119687233978e-08
1.848853109168387493e-07 1.000000000000000082e-05 8.399999999999999689e-01 3.005908375885627616e-08 8.865325059028282177e-08
3.000134217598685120e-07 1.000000000000000036e-10 8.399999999999999689e-01 5.531060793044230949e-04 9.561938394244885671e-08
3.000134217598685120e-07 1.832980710832437419e-10 8.399999999999999689e-01 4.557947392508377164e-04 1.398509327538555553e-07
3.000134217598685120e-07 3.359818286283787719e-10 8.399999999999999689e-01 2.297355356160798854e-05 1.329749701990391718e-08
3.000134217598685120e-07 6.158482110660254848e-10 8.399999999999999689e-01 2.621034586942900849e-06 2.870935507965319399e-09
3.000134217598685120e-07 1.128837891684688263e-09 8.399999999999999689e-01 2.268433885853491523e-07 5.251611963839518736e-10
3.000134217598685120e-07 2.069138081114789946e-09 8.399999999999999689e-01 7.796897994820690499e-09 8.712735926062985855e-11
3.000134217598685120e-07 3.792690190732253654e-09 8.399999999999999689e-01 3.756969241108525862e-09 8.088125931436005842e-11
3.000134217598685120e-07 6.951927961775591174e-09 8.399999999999999689e-01 4.025498709400454165e-09 6.881258224586080971e-11
3.000134217598685120e-07 1.274274985703132061e-08 8.399999999999999689e-01 4.483941918025434677e-09 1.050571363795725663e-10
3.000134217598685120e-07 2.335721469090121435e-08 8.399999999999999689e-01 5.000763886210071604e-09 2.002366533021151801e-10
3.000134217598685120e-07 4.281332398719395868e-08 8.399999999999999689e-01 5.707840490139785583e-09 3.515201945940488433e-10
3.000134217598685120e-07 7.847599703514606690e-08 8.399999999999999689e-01 5.855701168634591982e-09 5.572764152635053299e-10
3.000134217598685120e-07 1.438449888287662961e-07 8.399999999999999689e-01 5.841080474549177056e-09 8.462147717212391575e-10
3.000134217598685120e-07 2.636650898730355393e-07 8.399999999999999689e-01 6.384450203735981786e-09 1.517212855594374327e-09
3.000134217598685120e-07 4.832930238571752032e-07 8.399999999999999689e-01 8.022924134916055391e-09 3.078212121941072982e-09
3.000134217598685120e-07 8.858667904100832524e-07 8.399999999999999689e-01 9.415525302772895327e-09 5.310300999385625727e-09
3.000134217598685120e-07 1.623776739188720875e-06 8.399999999999999689e-01 1.192411340838575309e-08 9.781654206520800552e-09
3.000134217598685120e-07 2.976351441631318993e-06 8.399999999999999689e-01 1.533132965270281609e-08 1.523324587788221823e-08
3.000134217598685120e-07 5.455594781168514170e-06 8.399999999999999689e-01 2.140424653115510110e-08 2.741687737556899617e-08
3.000134217598685120e-07 1.000000000000000082e-05 8.399999999999999689e-01 3.051566539425471710e-08 5.275141482735864163e-08
4.868318244955127635e-07 1.000000000000000036e-10 8.399999999999999689e-01 3.840797785683112823e-04 4.434018468572068844e-08
4.868318244955127635e-07 1.832980710832437419e-10 8.399999999999999689e-01 2.371203241123685964e-04 4.516636767525398075e-08
4.868318244955127635e-07 3.359818286283787719e-10 8.399999999999999689e-01 1.256438640550065328e-05 4.718092459251842421e-09
4.868318244955127635e-07 6.158482110660254848e-10 8.399999999999999689e-01 2.256299713742217721e-06 1.545472167980435007e-09
4.868318244955127635e-07 1.128837891684688263e-09 8.399999999999999689e-01 3.345469841044650030e-07 4.464493139979972908e-10
4.868318244955127635e-07 2.069138081114789946e-09 8.399999999999999689e-01 1.998111371159172552e-08 7.551233346500276296e-11
4.868318244955127635e-07 3.792690190732253654e-09 8.399999999999999689e-01 4.105255474719792725e-09 3.519960162602943648e-11
4.868318244955127635e-07 6.951927961775591174e-09 8.399999999999999689e-01 4.069806267094461263e-09 5.318368641540836450e-11
4.868318244955127635e-07 1.274274985703132061e-08 8.399999999999999689e-01 4.412149078110381108e-09 6.695545820797993022e-11
4.868318244955127635e-07 2.335721469090121435e-08 8.399999999999999689e-01 5.133562764183408143e-09 1.258266558192809679e-10
4.868318244955127635e-07 4.281332398719395868e-08 8.399999999999999689e-01 5.529739650461043452e-09 2.397253496573393712e-10
4.868318244955127635e-07 7.847599703514606690e-08 8.399999999999999689e-01 5.387143304479991883e-09 3.375055751729701265e-10
4.868318244955127635e-07 1.438449888287662961e-07 8.399999999999999689e-01 6.067971116685824476e-09 5.197715257497011122e-10
4.868318244955127635e-07 2.636650898730355393e-07 8.399999999999999689e-01 6.817981880695576759e-09 8.462542502779338842e-10
4.868318244955127635e-07 4.832930238571752032e-07 8.399999999999999689e-01 7.465887123613919572e-09 1.779012904493942334e-09
4.868318244955127635e-07 8.858667904100832524e-07 8.399999999999999689e-01 9.479461881738793575e-09 3.222662674231900907e-09
4.868318244955127635e-07 1.623776739188720875e-06 8.399999999999999689e-01 1.240053048126470214e-08 6.398493623872424835e-09
4.868318244955127635e-07 2.976351441631318993e-06 8.399999999999999689e-01 1.550816838751518075e-08 9.616966880636627038e-09
4.868318244955127635e-07 5.455594781168514170e-06 8.399999999999999689e-01 2.085490486326291542e-08 1.762313454960221621e-08
4.868318244955127635e-07 1.000000000000000082e-05 8.399999999999999689e-01 3.055786267302408080e-08 3.242406331078420679e-08
7.899820746397448638e-07 1.000000000000000036e-10 8.399999999999999689e-01 6.209416827472540945e-04 3.997296578101375882e-08
7.899820746397448638e-07 1.832980710832437419e-10 8.399999999999999689e-01 8.055389048194397351e-05 1.006633729294717414e-08
7.899820746397448638e-07 3.359818286283787719e-10 8.399999999999999689e-01 9.756334753960423307e-05 2.090879609780636169e-08
7.899820746397448638e-07 6.158482110660254848e-10 8.399999999999999689e-01 1.662389943242970769e-06 7.426407241030049873e-10
7.899820746397448638e-07 1.128837891684688263e-09 8.399999999999999689e-01 1.854227194705352380e-07 1.721004465184763083e-10
7.899820746397448638e-07 2.069138081114789946e-09 8.399999999999999689e-01 1.077103851447642172e-08 3.567976487733111837e-11
7.899820746397448638e-07 3.792690190732253654e-09 8.399999999999999689e-01 3.774606805669817971e-09 2.597204566042818046e-11
7.899820746397448638e-07 6.951927961775591174e-09 8.399999999999999689e-01 4.304924836983218240e-09 3.314302216114964129e-11
7.899820746397448638e-07 1.274274985703132061e-08 8.399999999999999689e-01 4.610713573784603670e-09 3.880125929459651152e-11
7.899820746397448638e-07 2.335721469090121435e-08 8.399999999999999689e-01 5.117305122820617810e-09 7.749043611197999069e-11
7.899820746397448638e-07 4.281332398719395868e-08 8.399999999999999689e-01 5.720805601679706515e-09 1.244531051591500634e-10
7.899820746397448638e-07 7.847599703514606690e-08 8.399999999999999689e-01 6.487837973113770929e-09 2.093231839172415719e-10
7.899820746397448638e-07 1.438449888287662961e-07 8.399999999999999689e-01 5.661085080867308326e-09 3.228788460182769112e-10
7.899820746397448638e-07 2.636650898730355393e-07 8.399999999999999689e-01 6.276096326295630298e-09 5.481572375318466041e-10
7.899820746397448638e-07 4.832930238571752032e-07 8.399999999999999689e-01 7.244581997070157326e-09 1.041723299149520619e-09
7.899820746397448638e-07 8.858667904100832524e-07 8.399999999999999689e-01 8.978283608506323873e-09 2.217762781252728206e-09
7.899820746397448638e-07 1.623776739188720875e-06 8.399999999999999689e-01 1.208445361285400610e-08 3.862906140866526722e-09
7.899820746397448638e-07 2.976351441631318993e-06 8.399999999999999689e-01 1.555413227101212280e-08 5.953485484851052825e-09
7.899820746397448638e-07 5.455594781168514170e-06 8.399999999999999689e-01 2.062481774577874351e-08 1.135606918394681963e-08
7.899820746397448638e-07 1.000000000000000082e-05 8.399999999999999689e-01 3.000520952677632144e-08 2.088101967381164196e-08
1.281904031025128154e-06 1.000000000000000036e-10 8.399999999999999689e-01 3.274962439266739813e-04 1.477780550132072214e-08
1.281904031025128154e-06 1.832980710832437419e-10 8.399999999999999689e-01 7.705997559328872626e-05 5.975697880987444394e-09
1.281904031025128154e-06 3.359818286283787719e-10 8.399999999999999689e-01 1.534869804410030568e-04 2.026174098225561585e-08
1.281904031025128154e-06 6.158482110660254848e-10 8.399999999999999689e-01 2.990344974734713274e-06 7.588342856735418596e-10
1.281904031025128154e-06 1.128837891684688263e-09 8.399999999999999689e-01 3.339239226565857959e-07 1.693289841687718382e-10
1.281904031025128154e-06 2.069138081114789946e-09 8.399999999999999689e-01 8.909893800959470886e-09 2.094221524317737723e-11
1.281904031025128154e-06 3.792690190732253654e-09 8.399999999999999689e-01 4.127833063046414572e-09 1.333748304190448874e-11
1.281904031025128154e-06 6.951927961775591174e-09 8.399999999999999689e-01 4.218768242139643605e-09 2.053610476903262095e-11
1.281904031025128154e-06 1.274274985703132061e-08 8.399999999999999689e-01 4.677238973257712738e-09 2.382131548099151387e-11
1.281904031025128154e-06 2.335721469090121435e-08 8.399999999999999689e-01 5.008245951442592959e-09 4.683647206650689382e-11
1.281904031025128154e-06 4.281332398719395868e-08 8.399999999999999689e-01 5.710165429561775068e-09 7.395143009038155244e-11
1.281904031025128154e-06 7.847599703514606690e-08 8.399999999999999689e-01 6.451398668354387393e-09 1.286819818937951102e-10
1.281904031025128154e-06 1.438449888287662961e-07 8.399999999999999689e-01 6.208201685947641359e-09 1.972572509670803785e-10
1.281904031025128154e-06 2.636650898730355393e-07 8.399999999999999689e-01 6.488080848913913569e-09 3.223255860298999794e-10
1.281904031025128154e-06 4.832930238571752032e-07 8.399999999999999689e-01 7.568811857996358513e-09 6.849914939360222593e-10
1.281904031025128154e-06 8.858667904100832524e-07 8.399999999999999689e-01 9.630344737761708075e-09 1.193937217422283255e-09
1.281904031025128154e-06 1.623776739188720875e-06 8.399999999999999689e-01 1.214939742742601305e-08 2.410956760551641950e-09
1.281904031025128154e-06 2.976351441631318993e-06 8.399999999999999689e-01 1.545699517190219908e-08 3.587275605752442578e-09
1.281904031025128154e-06 5.455594781168514170e-06 8.399999999999999689e-01 2.073887972310467419e-08 6.832518404686176077e-09
1.281904031025128154e-06 1.000000000000000082e-05 8.399999999999999689e-01 2.974380043718255345e-08 1.339125851709698974e-08
2.080145863446145200e-06 1.000000000000000036e-10 8.399999999999999689e-01 3.680576980781140621e-04 9.527717139355093117e-09
2.080145863446145200e-06 1.832980710832437419e-10 8.399999999999999689e-01 2.523394019291996912e-04 1.121575038787222775e-08
2.080145863446145200e-06 3.359818286283787719e-10 8.399999999999999689e-01 1.730380423843601672e-05 1.470127792819059701e-09
2.080145863446145200e-06 6.158482110660254848e-10 8.399999999999999689e-01 5.018711155563419033e-06 7.728344722309800062e-10
2.080145863446145200e-06 1.128837891684688263e-09 8.399999999999999689e-01 2.412654756303498352e-07 7.952248712115870320e-11
2.080145863446145200e-06 2.069138081114789946e-09 8.399999999999999689e-01 5.537617168756877158e-09 1.217743943870890582e-11
2.080145863446145200e-06 3.792690190732253654e-09 8.399999999999999689e-01 4.335859520053158234e-09 7.400684123593432566e-12
2.080145863446145200e-06 6.951927961775591174e-09 8.399999999999999689e-01 3.917813455288949825e-09 1.098182791546732978e-11
2.080145863446145200e-06 1.274274985703132061e-08 8.399999999999999689e-01 4.778827761697541375e-09 1.465241520452617473e-11
2.080145863446145200e-06 2.335721469090121435e-08 8.399999999999999689e-01 5.172168131445296372e-09 2.717462794024696152e-11
2.080145863446145200e-06 4.281332398719395868e-08 8.399999999999999689e-01 5.698095489901727603e-09 5.041647571472882000e-11
2.080145863446145200e-06 7.847599703514606690e-08 8.399999999999999689e-01 6.342902107754811970e-09 8.055063178742525716e-11
2.080145863446145200e-06 1.438449888287662961e-07 8.399999999999999689e-01 5.988349256339665320e-09 1.217426824372303478e-10
2.080145863446145200e-06 2.636650898730355393e-07 8.399999999999999689e-01 6.271616431015135403e-09 2.067442360208585653e-10
2.080145863446145200e-06 4.832930238571752032e-07 8.399999999999999689e-01 7.634548477772920962e-09 4.260341414307858473e-10
2.080145863446145200e-06 8.858667904100832524e-07 8.399999999999999689e-01 9.169259464578062438e-09 7.955653971888958155e-10
2.080145863446145200e-06 1.623776739188720875e-06 8.399999999999999689e-01 1.240256170018340037e-08 1.489393357177540262e-09
2.080145863446145200e-06 2.976351441631318993e-06 8.399999999999999689e-01 1.558856362019311129e-08 2.277367855677967181e-09
2.080145863446145200e-06 5.455594781168514170e-06 8.399999999999999689e-01 2.057919965717110679e-08 4.414975928182710100e-09
2.080145863446145200e-06 1.000000000000000082e-05 8.399999999999999689e-01 3.020183263973484921e-08 7.779475853589978771e-09
3.375453004662015016e-06 1.000000000000000036e-10 8.399999999999999689e-01 7.065524133966096356e-04 1.046146003716421533e-08
3.375453004662015016e-06 1.832980710832437419e-10 8.399999999999999689e-01 1.339228307020992267e-04 3.750604867793620036e-09
3.375453004662015016e-06 3.359818286283787719e-10 8.399999999999999689e-01 1.151632759094345462e-05 6.316701613899632207e-10
3.375453004662015016e-06 6.158482110660254848e-10 8.399999999999999689e-01 4.075251688469131582e-06 3.869424142655700269e-10
3.375453004662015016e-06 1.128837891684688263e-09 8.399999999999999689e-01 1.059385102824985241e-06 1.931981262960143174e-10
3.375453004662015016e-06 2.069138081114789946e-09 8.399999999999999689e-01 6.331230515210200845e-09 7.542773590596475731e-12
3.375453004662015016e-06 3.792690190732253654e-09 8.399999999999999689e-01 4.529596399844787253e-09 4.141613139040438859e-12
3.375453004662015016e-06 6.951927961775591174e-09 8.399999999999999689e-01 3.903700957127752023e-09 6.799035857435602564e-12
3.375453004662015016e-06 1.274274985703132061e-08 8.399999999999999689e-01 4.805876869110736451e-09 9.055509686239236468e-12
3.375453004662015016e-06 2.335721469090121435e-08 8.399999999999999689e-01 5.201354939117592381e-09 1.723988888792095670e-11
3.375453004662015016e-06 4.281332398719395868e-08 8.399999999999999689e-01 5.509599015536781835e-09 3.466597610386342000e-11
3.375453004662015016e-06 7.847599703514606690e-08 8.399999999999999689e-01 6.465055471928485044e-09 4.875205864493128015e-11
3.375453004662015016e-06 1.438449888287662961e-07 8.399999999999999689e-01 5.939814807446123811e-09 7.509082965154912999e-11
3.375453004662015016e-06 2.636650898730355393e-07 8.399999999999999689e-01 6.461692190498480421e-09 1.370540804908672615e-10
3.375453004662015016e-06 4.832930238571752032e-07 8.399999999999999689e-01 7.282548813781115078e-09 2.490268240707555243e-10
3.375453004662015016e-06 8.858667904100832524e-07 8.399999999999999689e-01 9.550202372606469246e-09 4.606061871413789983e-10
3.375453004662015016e-06 1.623776739188720875e-06 8.399999999999999689e-01 1.173793834688704803e-08 8.356767280039650657e-10
3.375453004662015016e-06 2.976351441631318993e-06 8.399999999999999689e-01 1.566066852525649982e-08 1.436334036467931079e-09
3.375453004662015016e-06 5.455594781168514170e-06 8.399999999999999689e-01 2.064392707384464600e-08 2.803107271631359700e-09
3.375453004662015016e-06 1.000000000000000082e-05 8.399999999999999689e-01 2.972148225497088990e-08 5.105197943917005052e-09
5.477348097025315632e-06 1.000000000000000036e-10 8.399999999999999689e-01 4.594915975767754120e-04 4.374671373406349049e-09
5.477348097025315632e-06 1.832980710832437419e-10 8.399999999999999689e-01 3.409252967488610587e-04 5.716791206199489184e-09
5.477348097025315632e-06 3.359818286283787719e-10 8.399999999999999689e-01 8.523556359536748467e-06 3.055792964466760836e-10
5.477348097025315632e-06 6.158482110660254848e-10 8.399999999999999689e-01 5.035559646765875392e-06 2.944671744376058434e-10
5.477348097025315632e-06 1.128837891684688263e-09 8.399999999999999689e-01 1.844150001524263059e-07 2.472234746325518411e-11
5.477348097025315632e-06 2.069138081114789946e-09 8.399999999999999689e-01 1.492948891197619839e-08 5.827295895814270287e-12
5.477348097025315632e-06 3.792690190732253654e-09 8.399999999999999689e-01 4.095211769686407343e-09 3.166540435160677698e-12
5.477348097025315632e-06 6.951927961775591174e-09 8.399999999999999689e-01 3.939425962089046815e-09 4.009992783952416581e-12
5.477348097025315632e-06 1.274274985703132061e-08 8.399999999999999689e-01 4.577693910130023263e-09 5.617257858050667193e-12
5.477348097025315632e-06 2.335721469090121435e-08 8.399999999999999689e-01 5.052097276243860766e-09 1.108491565704457978e-11
5.477348097025315632e-06 4.281332398719395868e-08 8.399999999999999689e-01 5.705769225588207716e-09 1.848178675237576237e-11
5.477348097025315632e-06 7.847599703514606690e-08 8.399999999999999689e-01 5.726013142220770345e-09 3.047253032747154317e-11
5.477348097025315632e-06 1.438449888287662961e-07 8.399999999999999689e-01 5.860046271224570973e-09 4.632663904744940802e-11
5.477348097025315632e-06 2.636650898730355393e-07 8.399999999999999689e-01 6.301023697705278313e-09 7.719860453927534451e-11
5.477348097025315632e-06 4.832930238571752032e-07 8.399999999999999689e-01 7.238018613748132376e-09 1.502692659889220269e-10
5.477348097025315632e-06 8.858667904100832524e-07 8.399999999999999689e-01 8.913611955996706230e-09 3.288589759598198754e-10
5.477348097025315632e-06 1.623776739188720875e-06 8.399999999999999689e-01 1.245280983743659607e-08 5.593335451196454137e-10
5.477348097025315632e-06 2.976351441631318993e-06 8.399999999999999689e-01 1.555164306070411295e-08 8.575563679504305361e-10
5.477348097025315632e-06 5.455594781168514170e-06 8.399999999999999689e-01 2.137877917029969777e-08 1.500086951344369704e-09
5.477348097025315632e-06 1.000000000000000082e-05 8.399999999999999689e-01 2.971771570698161830e-08 3.152397897952802166e-09
8.888093578713856364e-06 1.000000000000000036e-10 8.399999999999999689e-01 5.569944396823468466e-04 3.289799958644978254e-09
8.888093578713856364e-06 1.832980710832437419e-10 8.399999999999999689e-01 3.844497375801386534e-05 5.066198309116270900e-10
8.888093578713856364e-06 3.359818286283787719e-10 8.399999999999999689e-01 1.167057560992131076e-04 2.222482706072146755e-09
8.888093578713856364e-06 6.158482110660254848e-10 8.399999999999999689e-01 1.333557359882001599e-05 4.739791699968263925e-10
8.888093578713856364e-06 1.128837891684688263e-09 8.399999999999999689e-01 1.100156417820805047e-06 7.642663545099309108e-11
8.888093578713856364e-06 2.069138081114789946e-09 8.399999999999999689e-01 8.333210385453502981e-09 2.977159591394683759e-12
8.888093578713856364e-06 3.792690190732253654e-09 8.399999999999999689e-01 4.416257120908190754e-09 1.656918052784476802e-12
8.888093578713856364e-06 6.951927961775591174e-09 8.399999999999999689e-01 3.978150695403293824e-09 2.859630915792386163e-12
8.888093578713856364e-06 1.274274985703132061e-08 8.399999999999999689e-01 4.570056183633130049e-09 3.471579100479216184e-12
8.888093578713856364e-06 2.335721469090121435e-08 8.399999999999999689e-01 5.166729332627073634e-09 6.129523705187549750e-12
8.888093578713856364e-06 4.281332398719395868e-08 8.399999999999999689e-01 5.410297452722746706e-09 1.310760113440249038e-11
8.888093578713856364e-06 7.847599703514606690e-08 8.399999999999999689e-01 5.745308862734271337e-09 1.877874870783333274e-11
8.888093578713856364e-06 1.438449888287662961e-07 8.399999999999999689e-01 5.515683706778327046e-09 2.894923694365614327e-11
8.888093578713856364e-06 2.636650898730355393e-07 8.399999999999999689e-01 6.857570920697953796e-09 4.638968045392859956e-11
8.888093578713856364e-06 4.832930238571752032e-07 8.399999999999999689e-01 7.328872208622981128e-09 9.248972243908380896e-11
8.888093578713856364e-06 8.858667904100832524e-07 8.399999999999999689e-01 8.900650440231390712e-09 2.021420261234027644e-10
8.888093578713856364e-06 1.623776739188720875e-06 8.399999999999999689e-01 1.203157212920566365e-08 3.382054521890358949e-10
8.888093578713856364e-06 2.976351441631318993e-06 8.399999999999999689e-01 1.533454143906779069e-08 5.137371916561309986e-10
8.888093578713856364e-06 5.455594781168514170e-06 8.399999999999999689e-01 2.071064668560967869e-08 9.905438630145447683e-10
8.888093578713856364e-06 1.000000000000000082e-05 8.399999999999999689e-01 3.000578361459181804e-08 1.860356092331349960e-09
1.442271078350442997e-05 1.000000000000000036e-10 8.399999999999999689e-01 8.396514504293803869e-04 2.996284478548011426e-09
1.442271078350442997e-05 1.832980710832437419e-10 8.399999999999999689e-01 3.360469816617231426e-05 2.863245829727518586e-10
1.442271078350442997e-05 3.359818286283787719e-10 8.399999999999999689e-01 7.143373643321079988e-06 1.019638243860578709e-10
1.442271078350442997e-05 6.158482110660254848e-10 8.399999999999999689e-01 3.827463913767279768e-06 8.588913160982016190e-11
1.442271078350442997e-05 1.128837891684688263e-09 8.399999999999999689e-01 2.531650333889901052e-07 1.192488670871543121e-11
1.442271078350442997e-05 2.069138081114789946e-09 8.399999999999999689e-01 5.588162034125324261e-09 1.750953497340085556e-12
1.442271078350442997e-05 3.792690190732253654e-09 8.399999999999999689e-01 3.656518360014786100e-09 1.649747294541466813e-12
1.442271078350442997e-05 6.951927961775591174e-09 8.399999999999999689e-01 4.354831408051952248e-09 1.808600930756245593e-12
1.442271078350442997e-05 1.274274985703132061e-08 8.399999999999999689e-01 4.780678613406526517e-09 2.114518835064217140e-12
1.442271078350442997e-05 2.335721469090121435e-08 8.399999999999999689e-01 5.085202014029603154e-09 4.241608290307487712e-12
1.442271078350442997e-05 4.281332398719395868e-08 8.399999999999999689e-01 5.340322908645852768e-09 7.975400338224455845e-12
1.442271078350442997e-05 7.847599703514606690e-08 8.399999999999999689e-01 6.094574291246591230e-09 1.163334303373257755e-11
1.442271078350442997e-05 1.438449888287662961e-07 8.399999999999999689e-01 5.785398685709539950e-09 1.761973548572391481e-11
1.442271078350442997e-05 2.636650898730355393e-07 8.399999999999999689e-01 6.363148695461225954e-09 3.140496917709221073e-11
1.442271078350442997e-05 4.832930238571752032e-07 8.399999999999999689e-01 7.227546900090802688e-09 5.748502773057548628e-11
1.442271078350442997e-05 8.858667904100832524e-07 8.399999999999999689e-01 9.434254579030798162e-09 1.094661388012262743e-10
1.442271078350442997e-05 1.623776739188720875e-06 8.399999999999999689e-01 1.181233406311978259e-08 2.001721861504295157e-10
1.442271078350442997e-05 2.976351441631318993e-06 8.399999999999999689e-01 1.530832456318207652e-08 3.158458288205371072e-10
1.442271078350442997e-05 5.455594781168514170e-06 8.399999999999999689e-01 2.057164700742784085e-08 6.444843424372181189e-10
1.442271078350442997e-05 1.000000000000000082e-05 8.399999999999999689e-01 2.982566047694315222e-08 1.170492676430231864e-09
2.340373495198005217e-05 1.000000000000000036e-10 8.399999999999999689e-01 3.458362202536625039e-04 8.440852738390229258e-10
2.340373495198005217e-05 1.832980710832437419e-10 8.399999999999999689e-01 1.161642941469295321e-04 4.735537887863776782e-10
2.340373495198005217e-05 3.359818286283787719e-10 8.399999999999999689e-01 1.011873716599752214e-05 8.185237896214444486e-11
2.340373495198005217e-05 6.158482110660254848e-10 8.399999999999999689e-01 1.878047077430597719e-06 2.740295713960564495e-11
2.340373495198005217e-05 1.128837891684688263e-09 8.399999999999999689e-01 2.557441188799005204e-07 7.404057359653817672e-12
2.340373495198005217e-05 2.069138081114789946e-09 8.399999999999999689e-01 9.816491279465955443e-09 1.177405419740640579e-12
2.340373495198005217e-05 3.792690190732253654e-09 8.399999999999999689e-01 4.155046559728730686e-09 7.194938663243110377e-13
2.340373495198005217e-05 6.951927961775591174e-09 8.399999999999999689e-01 3.926459986397815645e-09 9.959057889957066670e-13
2.340373495198005217e-05 1.274274985703132061e-08 8.399999999999999689e-01 4.635632418904988307e-09 1.309733293479502647e-12
2.340373495198005217e-05 2.335721469090121435e-08 8.399999999999999689e-01 5.199671982961095895e-09 2.400207342140908546e-12
2.340373495198005217e-05 4.281332398719395868e-08 8.399999999999999689e-01 5.680569143842650014e-09 4.401359138139702677e-12
2.340373495198005217e-05 7.847599703514606690e-08 8.399999999999999689e-01 5.343564333692751965e-09 6.996574502122502757e-12
2.340373495198005217e-05 1.438449888287662961e-07 8.399999999999999689e-01 5.583866280564259234e-09 1.093555907604526647e-11
2.340373495198005217e-05 2.636650898730355393e-07 8.399999999999999689e-01 6.433461456341076701e-09 1.771516186239457292e-11
2.340373495198005217e-05 4.832930238571752032e-07 8.399999999999999689e-01 7.223158112343569933e-09 3.548822599477190374e-11
2.340373495198005217e-05 8.858667904100832524e-07 8.399999999999999689e-01 9.053373413584767330e-09 7.392464186667653407e-11
2.340373495198005217e-05 1.623776739188720875e-06 8.399999999999999689e-01 1.182709822511476230e-08 1.209174395089840921e-10
2.340373495198005217e-05 2.976351441631318993e-06 8.399999999999999689e-01 1.525560389439986373e-08 1.946540870215077381e-10
2.340373495198005217e-05 5.455594781168514170e-06 8.399999999999999689e-01 2.059839272671640647e-08 4.017282954650972628e-10
2.340373495198005217e-05 1.000000000000000082e-05 8.399999999999999689e-01 3.002402893160810877e-08 7.051277586284507649e-10
3.797724421743164984e-05 1.000000000000000036e-10 8.399999999999999689e-01 5.637618850370483938e-04 7.768810386238736815e-10
3.797724421743164984e-05 1.832980710832437419e-10 8.399999999999999689e-01 2.381300712139221005e-04 5.817259164115415464e-10
3.797724421743164984e-05 3.359818286283787719e-10 8.399999999999999689e-01 2.495356605046233824e-05 1.136996898776843708e-10
3.797724421743164984e-05 6.158482110660254848e-10 8.399999999999999689e-01 1.483296295952092410e-06 1.410583614249015223e-11
3.797724421743164984e-05 1.128837891684688263e-09 8.399999999999999689e-01 1.157590307910732823e-06 1.878761506762346286e-11
3.797724421743164984e-05 2.069138081114789946e-09 8.399999999999999689e-01 8.891588902144588949e-09 7.060601879319169508e-13
3.797724421743164984e-05 3.792690190732253654e-09 8.399999999999999689e-01 4.013232624669039469e-09 4.762759782424227579e-13
3.797724421743164984e-05 6.951927961775591174e-09 8.399999999999999689e-01 3.930082478253206742e-09 6.499084492964501919e-13
3.797724421743164984e-05 1.274274985703132061e-08 8.399999999999999689e-01 4.836456616573012129e-09 8.064501440859889549e-13
3.797724421743164984e-05 2.335721469090121435e-08 8.399999999999999689e-01 5.059555366381212726e-09 1.596768156834867399e-12
3.797724421743164984e-05 4.281332398719395868e-08 8.399999999999999689e-01 5.708150971129893520e-09 2.498513428895953216e-12
3.797724421743164984e-05 7.847599703514606690e-08 8.399999999999999689e-01 6.114863490247884680e-09 4.423413496846046386e-12
3.797724421743164984e-05 1.438449888287662961e-07 8.399999999999999689e-01 5.870500498672018290e-09 6.681038025869771978e-12
3.797724421743164984e-05 2.636650898730355393e-07 8.399999999999999689e-01 6.277355142923118750e-09 1.130042683253092122e-11
3.797724421743164984e-05 4.832930238571752032e-07 8.399999999999999689e-01 7.589170771225533923e-09 2.306708009096978431e-11
3.797724421743164984e-05 8.858667904100832524e-07 8.399999999999999689e-01 9.328607928038695820e-09 4.251039289123576396e-11
3.797724421743164984e-05 1.623776739188720875e-06 8.399999999999999689e-01 1.181895815036530335e-08 7.435252891445373055e-11
3.797724421743164984e-05 2.976351441631318993e-06 8.399999999999999689e-01 1.528184327959882647e-08 1.200337189530959442e-10
3.797724421743164984e-05 5.455594781168514170e-06 8.399999999999999689e-01 2.062456194639528541e-08 2.362296863785466520e-10
3.797724421743164984e-05 1.000000000000000082e-05 8.399999999999999689e-01 3.032888177327574507e-08 4.212929246898436681e-10
6.162567988868892079e-05 1.000000000000000036e-10 8.399999999999999689e-01 2.600652414240873980e-04 2.616147264814300149e-10
6.162567988868892079e-05 1.832980710832437419e-10 8.399999999999999689e-01 1.082061753526375756e-04 1.685234600830536225e-10
6.162567988868892079e-05 3.359818286283787719e-10 8.399999999999999689e-01 1.155858615071086515e-04 3.175696105771936449e-10
6.162567988868892079e-05 6.158482110660254848e-10 8.399999999999999689e-01 1.749292718090694758e-06 9.805614078697578307e-12
6.162567988868892079e-05 1.128837891684688263e-09 8.399999999999999689e-01 1.270026174774939421e-07 1.739350089629605472e-12
6.162567988868892079e-05 2.069138081114789946e-09 8.399999999999999689e-01 2.157405281586725854e-08 6.242237827982367410e-13
6.162567988868892079e-05 3.792690190732253654e-09 8.399999999999999689e-01 3.642637436797712034e-09 3.641306946144953045e-13
6.162567988868892079e-05 6.951927961775591174e-09 8.399999999999999689e-01 4.233315542296858466e-09 4.274572303675961406e-13
6.162567988868892079e-05 1.274274985703132061e-08 8.399999999999999689e-01 4.471474113990404035e-09 5.102687495274352008e-13
6.162567988868892079e-05 2.335721469090121435e-08 8.399999999999999689e-01 5.052565395167044489e-09 9.865169823353033679e-13
6.162567988868892079e-05 4.281332398719395868e-08 8.399999999999999689e-01 5.763901339109607582e-09 1.476252701893927997e-12
6.162567988868892079e-05 7.847599703514606690e-08 8.399999999999999689e-01 5.869134554022111321e-09 2.721377643095345428e-12
6.162567988868892079e-05 1.438449888287662961e-07 8.399999999999999689e-01 6.046387662713983893e-09 4.107545857093210501e-12
6.162567988868892079e-05 2.636650898730355393e-07 8.399999999999999689e-01 6.342293807444747932e-09 7.311252796400599066e-12
6.162567988868892079e-05 4.832930238571752032e-07 8.399999999999999689e-01 7.558252893015331706e-09 1.426424567940489858e-11
6.162567988868892079e-05 8.858667904100832524e-07 8.399999999999999689e-01 9.181946359116732445e-09 2.696301185067790853e-11
6.162567988868892079e-05 1.623776739188720875e-06 8.399999999999999689e-01 1.232374795941316807e-08 5.065601890062218385e-11
6.162567988868892079e-05 2.976351441631318993e-06 8.399999999999999689e-01 1.557542874573641568e-08 7.632545255948204561e-11
6.162567988868892079e-05 5.455594781168514170e-06 8.399999999999999689e-01 2.088952746266479315e-08 1.392452906392013036e-10
6.162567988868892079e-05 1.000000000000000082e-05 8.399999999999999689e-01 3.053275479003799994e-08 2.564497275704603349e-10
1.000000000000000048e-04 1.000000000000000036e-10 8.399999999999999689e-01 4.172990876175577848e-04 2.285554317163019008e-10
1.000000000000000048e-04 1.832980710832437419e-10 8.399999999999999689e-01 4.259693155908722426e-05 4.824484806480005612e-11
1.000000000000000048e-04 3.359818286283787719e-10 8.399999999999999689e-01 2.726717521142585130e-05 4.705155940953467540e-11
1.000000000000000048e-04 6.158482110660254848e-10 8.399999999999999689e-01 1.771009910980178075e-06 6.184508810165484255e-12
1.000000000000000048e-04 1.128837891684688263e-09 8.399999999999999689e-01 1.753315941957260017e-07 1.309665447899366566e-12
1.000000000000000048e-04 2.069138081114789946e-09 8.399999999999999689e-01 5.664466564126789975e-09 2.525829638962858356e-13
1.000000000000000048e-04 3.792690190732253654e-09 8.399999999999999689e-01 4.480505044463923292e-09 1.432284703950593672e-13
1.000000000000000048e-04 6.951927961775591174e-09 8.399999999999999689e-01 4.335442610651413746e-09 2.605281813048696424e-13
1.000000000000000048e-04 1.274274985703132061e-08 8.399999999999999689e-01 4.597933948399186809e-09 3.076427355670666243e-13
1.000000000000000048e-04 2.335721469090121435e-08 8.399999999999999689e-01 5.062358911560882562e-09 6.035835271905049773e-13
1.000000000000000048e-04 4.281332398719395868e-08 8.399999999999999689e-01 5.614618808096233964e-09 1.133886486039449575e-12
1.000000000000000048e-04 7.847599703514606690e-08 8.399999999999999689e-01 5.983176139967158222e-09 1.681324826275888035e-12
1.000000000000000048e-04 1.438449888287662961e-07 8.399999999999999689e-01 5.658731145503030030e-09 2.551295081359743231e-12
1.000000000000000048e-04 2.636650898730355393e-07 8.399999999999999689e-01 6.361696678669575689e-09 4.178000536977520814e-12
1.000000000000000048e-04 4.832930238571752032e-07 8.399999999999999689e-01 7.924015983543404325e-09 9.133218400652364409e-12
1.000000000000000048e-04 8.858667904100832524e-07 8.399999999999999689e-01 9.209351982088631024e-09 1.638454350674841568e-11
1.000000000000000048e-04 1.623776739188720875e-06 8.399999999999999689e-01 1.185518971454655526e-08 2.906356321128925723e-11
1.000000000000000048e-04 2.976351441631318993e-06 8.399999999999999689e-01 1.526066158555181305e-08 4.556545163679208447e-11
1.000000000000000048e-04 5.455594781168514170e-06 8.399999999999999689e-01 2.126516577903498040e-08 8.296587321399697639e-11
1.000000000000000048e-04 1.000000000000000082e-05 8.399999999999999689e-01 2.974056637542756313e-08 1.719559939337329529e-10
