# Amod fmod z Delta_Amod Delta_fmod
7.999999999999999516e-11 1.000000000000000036e-10 8.399999999999999689e-01 1.789586635302316579e-04 1.258360926397088578e-04
7.999999999999999516e-11 1.832980710832437419e-10 8.399999999999999689e-01 1.744983150850451135e-04 2.008668803000129084e-04
7.999999999999999516e-11 3.359818286283787719e-10 8.399999999999999689e-01 2.532531182233876523e-05 5.384906885306436219e-05
7.999999999999999516e-11 6.158482110660254848e-10 8.399999999999999689e-01 3.018181140413647637e-06 1.202148256927052940e-05
7.999999999999999516e-11 1.128837891684688263e-09 8.399999999999999689e-01 9.709404563878867977e-08 8.684564898443428284e-07
7.999999999999999516e-11 2.069138081114789946e-09 8.399999999999999689e-01 2.998819025377959388e-09 1.532128010099778658e-07
7.999999999999999516e-11 3.792690190732253654e-09 8.399999999999999689e-01 1.741026305814396242e-09 1.392955623206714849e-07
7.999999999999999516e-11 6.951927961775591174e-09 8.399999999999999689e-01 1.894235652419913289e-09 1.346076737473656128e-07
7.999999999999999516e-11 1.274274985703132061e-08 8.399999999999999689e-01 2.297226519538874254e-09 1.854900158516622505e-07
7.999999999999999516e-11 2.335721469090121435e-08 8.399999999999999689e-01 2.485034870579612932e-09 3.548398447755998890e-07
7.999999999999999516e-11 4.281332398719395868e-08 8.399999999999999689e-01 2.622427908681732604e-09 7.030270480052861752e-07
7.999999999999999516e-11 7.847599703514606690e-08 8.399999999999999689e-01 3.037668349738349752e-09 1.001535237085427389e-06
7.999999999999999516e-11 1.438449888287662961e-07 8.399999999999999689e-01 2.575495905770068657e-09 1.570200102409769093e-06
7.999999999999999516e-11 2.636650898730355393e-07 8.399999999999999689e-01 3.069085950002780307e-09 2.497188600641971075e-06
7.999999999999999516e-11 4.832930238571752032e-07 8.399999999999999689e-01 3.287729169041495369e-09 4.985316119198180371e-06
7.999999999999999516e-11 8.858667904100832524e-07 8.399999999999999689e-01 4.117096546966985860e-09 9.494227841521297288e-06
7.999999999999999516e-11 1.623776739188720875e-06 8.399999999999999689e-01 5.065901966027251218e-09 1.834159293451614192e-05
7.999999999999999516e-11 2.976351441631318993e-06 8.399999999999999689e-01 6.229547335093681594e-09 2.851425609814806780e-05
7.999999999999999516e-11 5.455594781168514170e-06 8.399999999999999689e-01 7.633910365948470137e-09 5.401452718553511641e-05
7.999999999999999516e-11 1.000000000000000082e-05 8.399999999999999689e-01 1.013812822237660772e-08 1.024484750934144984e-04
1.298160120010029006e-10 1.000000000000000036e-10 8.399999999999999689e-01 2.106612967527525873e-04 8.902356992055087488e-05
1.298160120010029006e-10 1.832980710832437419e-10 8.399999999999999689e-01 6.029502258633487950e-05 4.404120969290346339e-05
1.298160120010029006e-10 3.359818286283787719e-10 8.399999999999999689e-01 3.952922484933191994e-06 6.035280319485148200e-06
1.298160120010029006e-10 6.158482110660254848e-10 8.399999999999999689e-01 5.369159764788682893e-06 1.306182035320978514e-05
1.298160120010029006e-10 1.128837891684688263e-09 8.399999999999999689e-01 1.627527186517057312e-07 8.137953072545308240e-07
1.298160120010029006e-10 2.069138081114789946e-09 8.399999999999999689e-01 7.176373254743745885e-09 1.181085574808867266e-07
1.298160120010029006e-10 3.792690190732253654e-09 8.399999999999999689e-01 2.164970848319381252e-09 5.347333083818063679e-08
1.298160120010029006e-10 6.951927961775591174e-09 8.399999999999999689e-01 2.045901737712326172e-09 9.833068765795203072e-08
1.298160120010029006e-10 1.274274985703132061e-08 8.399999999999999689e-01 2.201767546256175153e-09 1.146149362398474809e-07
1.298160120010029006e-10 2.335721469090121435e-08 8.399999999999999689e-01 2.476081275072757139e-09 2.264066330784728008e-07
1.298160120010029006e-10 4.281332398719395868e-08 8.399999999999999689e-01 2.741541601200398424e-09 3.480384204965594840e-07
1.298160120010029006e-10 7.847599703514606690e-08 8.399999999999999689e-01 3.053268144098066716e-09 6.161603211250846172e-07
1.298160120010029006e-10 1.438449888287662961e-07 8.399999999999999689e-01 2.797186833511524056e-09 9.472119565805674706e-07
1.298160120010029006e-10 2.636650898730355393e-07 8.399999999999999689e-01 2.906438899370686993e-09 1.680696452669024846e-06
1.298160120010029006e-10 4.832930238571752032e-07 8.399999999999999689e-01 3.266183886297035148e-09 3.124367031655137257e-06
1.298160120010029006e-10 8.858667904100832524e-07 8.399999999999999689e-01 4.086977162577204912e-09 5.920821926642438326e-06
1.298160120010029006e-10 1.623776739188720875e-06 8.399999999999999689e-01 5.256297332292226698e-09 1.147131351103609902e-05
1.298160120010029006e-10 2.976351441631318993e-06 8.399999999999999689e-01 6.230881173199334778e-09 1.799455507795775375e-05
1.298160120010029006e-10 5.455594781168514170e-06 8.399999999999999689e-01 7.679999501784420277e-09 3.269883534546324318e-05
1.298160120010029006e-10 1.000000000000000082e-05 8.399999999999999689e-01 1.013577005642023765e-08 5.909826734767059501e-05
2.106524621480565186e-10 1.000000000000000036e-10 8.399999999999999689e-01 1.538756296538514783e-04 4.256904738164215348e-05
2.106524621480565186e-10 1.832980710832437419e-10 8.399999999999999689e-01 4.299186131807133167e-05 1.992898033662114952e-05
2.106524621480565186e-10 3.359818286283787719e-10 8.399999999999999689e-01 7.432813913612439738e-06 6.299231852459921633e-06
2.106524621480565186e-10 6.158482110660254848e-10 8.399999999999999689e-01 3.368461640042732172e-06 5.085218067389184143e-06
2.106524621480565186e-10 1.128837891684688263e-09 8.399999999999999689e-01 4.371908904838096669e-07 1.279407338008138635e-06
2.106524621480565186e-10 2.069138081114789946e-09 8.399999999999999689e-01 6.617776857013635567e-09 7.040578642486948291e-08
2.106524621480565186e-10 3.792690190732253654e-09 8.399999999999999689e-01 1.797158696983252686e-09 4.817646257109425220e-08
2.106524621480565186e-10 6.951927961775591174e-09 8.399999999999999689e-01 1.906189142598842155e-09 5.845239663377489310e-08
2.106524621480565186e-10 1.274274985703132061e-08 8.399999999999999689e-01 2.300194346882141448e-09 7.044972077396588902e-08
2.106524621480565186e-10 2.335721469090121435e-08 8.399999999999999689e-01 2.407519636596316414e-09 1.391420150182330105e-07
2.106524621480565186e-10 4.281332398719395868e-08 8.399999999999999689e-01 2.722395271220999492e-09 2.403375814527345641e-07
2.106524621480565186e-10 7.847599703514606690e-08 8.399999999999999689e-01 2.652798585338755260e-09 3.797472025783188491e-07
2.106524621480565186e-10 1.438449888287662961e-07 8.399999999999999689e-01 2.638733694230659646e-09 5.891058641357398794e-07
2.106524621480565186e-10 2.636650898730355393e-07 8.399999999999999689e-01 2.894813078309847833e-09 1.014579121843581669e-06
2.106524621480565186e-10 4.832930238571752032e-07 8.399999999999999689e-01 3.271174284533901041e-09 1.899516167467024186e-06
2.106524621480565186e-10 8.858667904100832524e-07 8.399999999999999689e-01 3.961621385551134397e-09 3.883004387504689184e-06
2.106524621480565186e-10 1.623776739188720875e-06 8.399999999999999689e-01 5.016975154707550920e-09 6.796503618511197361e-06
2.106524621480565186e-10 2.976351441631318993e-06 8.399999999999999689e-01 6.234960304762311883e-09 1.103738575438203830e-05
2.106524621480565186e-10 5.455594781168514170e-06 8.399999999999999689e-01 7.595081312869430445e-09 2.095001773079286170e-05
2.106524621480565186e-10 1.000000000000000082e-05 8.399999999999999689e-01 1.010111143252610127e-08 3.797082115909845921e-05
3.418257819281612818e-10 1.000000000000000036e-10 8.399999999999999689e-01 2.380765600879278753e-04 3.752478505861063713e-05
3.418257819281612818e-10 1.832980710832437419e-10 8.399999999999999689e-01 2.367205898458309344e-05 7.513322368320793779e-06
3.418257819281612818e-10 3.359818286283787719e-10 8.399999999999999689e-01 1.822015358647889426e-05 9.085628806318090921e-06
3.418257819281612818e-10 6.158482110660254848e-10 8.399999999999999689e-01 1.309034527803276152e-06 1.254916219640652006e-06
3.418257819281612818e-10 1.128837891684688263e-09 8.399999999999999689e-01 5.447515161606472607e-07 9.833382571791527024e-07
3.418257819281612818e-10 2.069138081114789946e-09 8.399999999999999689e-01 9.930921137845079092e-09 5.277277943925005553e-08
3.418257819281612818e-10 3.792690190732253654e-09 8.399999999999999689e-01 2.148583976205836252e-09 2.066801408810655533e-08
3.418257819281612818e-10 6.951927961775591174e-09 8.399999999999999689e-01 1.915214267756858484e-09 3.028316060751093446e-08
3.418257819281612818e-10 1.274274985703132061e-08 8.399999999999999689e-01 2.114103062086360387e-09 4.600758655842922571e-08
3.418257819281612818e-10 2.335721469090121435e-08 8.399999999999999689e-01 2.480816913364368759e-09 8.555786092639630732e-08
3.418257819281612818e-10 4.281332398719395868e-08 8.399999999999999689e-01 2.610841902702175969e-09 1.646979691106058834e-07
3.418257819281612818e-10 7.847599703514606690e-08 8.399999999999999689e-01 2.969777058276865934e-09 2.362170037732993789e-07
3.418257819281612818e-10 1.438449888287662961e-07 8.399999999999999689e-01 2.580448814424092364e-09 3.690851967902090228e-07
3.418257819281612818e-10 2.636650898730355393e-07 8.399999999999999689e-01 2.910729013569985661e-09 6.406253708581708743e-07
3.418257819281612818e-10 4.832930238571752032e-07 8.399999999999999689e-01 3.275919583170834529e-09 1.195729691593820777e-06
3.418257819281612818e-10 8.858667904100832524e-07 8.399999999999999689e-01 3.961753995076709013e-09 2.403195770509620160e-06
3.418257819281612818e-10 1.623776739188720875e-06 8.399999999999999689e-01 4.928604464919301972e-09 3.967144774967268103e-06
3.418257819281612818e-10 2.976351441631318993e-06 8.399999999999999689e-01 6.155801017869624224e-09 6.471478762793427236e-06
3.418257819281612818e-10 5.455594781168514170e-06 8.399999999999999689e-01 7.747527179177163197e-09 1.215543254612869206e-05
3.418257819281612818e-10 1.000000000000000082e-05 8.399999999999999689e-01 1.023384608423485050e-08 2.208493235934700594e-05
5.546807476129795974e-10 1.000000000000000036e-10 8.399999999999999689e-01 1.041157242623103106e-04 1.245042252123146033e-05
5.546807476129795974e-10 1.832980710832437419e-10 8.399999999999999689e-01 2.592284122403323301e-04 4.294595412588263423e-05
5.546807476129795974e-10 3.359818286283787719e-10 8.399999999999999689e-01 6.696694610672235324e-05 2.043078087928122246e-05
5.546807476129795974e-10 6.158482110660254848e-10 8.399999999999999689e-01 1.569463050723233125e-06 9.158966118541022618e-07
5.546807476129795974e-10 1.128837891684688263e-09 8.399999999999999689e-01 2.596252004650743532e-07 2.927531644076016910e-07
5.546807476129795974e-10 2.069138081114789946e-09 8.399999999999999689e-01 4.819479716162168557e-09 2.401756315004153368e-08
5.546807476129795974e-10 3.792690190732253654e-09 8.399999999999999689e-01 1.790643790317761288e-09 2.103979177536378694e-08
5.546807476129795974e-10 6.951927961775591174e-09 8.399999999999999689e-01 1.957465586957968297e-09 1.777891831387247600e-08
5.546807476129795974e-10 1.274274985703132061e-08 8.399999999999999689e-01 2.263102110211800281e-09 2.666492173557190043e-08
5.546807476129795974e-10 2.335721469090121435e-08 8.399999999999999689e-01 2.483759712261241993e-09 4.851040366792292210e-08
5.546807476129795974e-10 4.281332398719395868e-08 8.399999999999999689e-01 2.724413943343251739e-09 8.836870057166560564e-08
5.546807476129795974e-10 7.847599703514606690e-08 8.399999999999999689e-01 3.079811810577377791e-09 1.432416029572521222e-07
5.546807476129795974e-10 1.438449888287662961e-07 8.399999999999999689e-01 2.576050087974948743e-09 2.262961384372554816e-07
5.546807476129795974e-10 2.636650898730355393e-07 8.399999999999999689e-01 2.993885621575838435e-09 3.628272042586068309e-07
5.546807476129795974e-10 4.832930238571752032e-07 8.399999999999999689e-01 3.274943691951058050e-09 7.346144874231912751e-07
5.546807476129795974e-10 8.858667904100832524e-07 8.399999999999999689e-01 4.162441885035888856e-09 1.344423213495453949e-06
5.546807476129795974e-10 1.623776739188720875e-06 8.399999999999999689e-01 5.058186404513094500e-09 2.610753607088151152e-06
5.546807476129795974e-10 2.976351441631318993e-06 8.399999999999999689e-01 6.141993547087203516e-09 3.977540946611046727e-06
5.546807476129795974e-10 5.455594781168514170e-06 8.399999999999999689e-01 7.796672011762425529e-09 7.376436297574271467e-06
5.546807476129795974e-10 1.000000000000000082e-05 8.399999999999999689e-01 1.014131159844941985e-08 1.482600102267509343e-05
9.000805323606473659e-10 1.000000000000000036e-10 8.399999999999999689e-01 3.722778923049167095e-04 2.138679651018703524e-05
9.000805323606473659e-10 1.832980710832437419e-10 8.399999999999999689e-01 7.403255111818675708e-05 7.727321139293640310e-06
9.000805323606473659e-10 3.359818286283787719e-10 8.399999999999999689e-01 5.565647628063675974e-05 1.046651077077076565e-05
9.000805323606473659e-10 6.158482110660254848e-10 8.399999999999999689e-01 7.042052303230795276e-07 2.836744085250358611e-07
9.000805323606473659e-10 1.128837891684688263e-09 8.399999999999999689e-01 6.474090333796397810e-08 5.930104297977272739e-08
9.000805323606473659e-10 2.069138081114789946e-09 8.399999999999999689e-01 2.801455041490745099e-09 1.358247252568978686e-08
9.000805323606473659e-10 3.792690190732253654e-09 8.399999999999999689e-01 1.920410131195081132e-09 9.831043462212663580e-09
9.000805323606473659e-10 6.951927961775591174e-09 8.399999999999999689e-01 1.957894881801080704e-09 1.405216854330249956e-08
9.000805323606473659e-10 1.274274985703132061e-08 8.399999999999999689e-01 2.148822396551260656e-09 1.685429850974545893e-08
9.000805323606473659e-10 2.335721469090121435e-08 8.399999999999999689e-01 2.469806326012479246e-09 2.911946002681838191e-08
9.000805323606473659e-10 4.281332398719395868e-08 8.399999999999999689e-01 2.658818870185991414e-09 6.211132209396650942e-08
9.000805323606473659e-10 7.847599703514606690e-08 8.399999999999999689e-01 3.074420505193517967e-09 8.802642795811165419e-08
9.000805323606473659e-10 1.438449888287662961e-07 8.399999999999999689e-01 2.663613962786780095e-09 1.375816044589112676e-07
9.000805323606473659e-10 2.636650898730355393e-07 8.399999999999999689e-01 3.034208123779680947e-09 2.225169998336702378e-07
9.000805323606473659e-10 4.832930238571752032e-07 8.399999999999999689e-01 3.283110270577779466e-09 4.551515125077104648e-07
9.000805323606473659e-10 8.858667904100832524e-07 8.399999999999999689e-01 4.175145087827805769e-09 8.277978351455431524e-07
9.000805323606473659e-10 1.623776739188720875e-06 8.399999999999999689e-01 5.005662512918457887e-09 1.572556710892169081e-06
9.000805323606473659e-10 2.976351441631318993e-06 8.399999999999999689e-01 6.171888954276944751e-09 2.468963041228787908e-06
9.000805323606473659e-10 5.455594781168514170e-06 8.399999999999999689e-01 7.790377146693611086e-09 4.554593576706791368e-06
9.000805323606473659e-10 1.000000000000000082e-05 8.399999999999999689e-01 1.017818078811552551e-08 8.440981325174888659e-06
1.460560814884985480e-09 1.000000000000000036e-10 8.399999999999999689e-01 1.641741861797693593e-04 6.465007210696658808e-06
1.460560814884985480e-09 1.832980710832437419e-10 8.399999999999999689e-01 1.892846302077932984e-05 1.501571254217217008e-06
1.460560814884985480e-09 3.359818286283787719e-10 8.399999999999999689e-01 2.875863592636755249e-06 4.303332291036029056e-07
1.460560814884985480e-09 6.158482110660254848e-10 8.399999999999999689e-01 2.903868206942231747e-06 6.340236860020572703e-07
1.460560814884985480e-09 1.128837891684688263e-09 8.399999999999999689e-01 4.601543382631899326e-07 1.953526966104087329e-07
1.460560814884985480e-09 2.069138081114789946e-09 8.399999999999999689e-01 1.055918628512378728e-08 1.280074559216846067e-08
1.460560814884985480e-09 3.792690190732253654e-09 8.399999999999999689e-01 2.157891782124772169e-09 4.790240499963355845e-09
1.460560814884985480e-09 6.951927961775591174e-09 8.399999999999999689e-01 1.994012388541223067e-09 8.739621875170585152e-09
1.460560814884985480e-09 1.274274985703132061e-08 8.399999999999999689e-01 2.118990340052837614e-09 1.068969058609332613e-08
1.460560814884985480e-09 2.335721469090121435e-08 8.399999999999999689e-01 2.456376546849515843e-09 2.031455193734743100e-08
1.460560814884985480e-09 4.281332398719395868e-08 8.399999999999999689e-01 2.667187855299535570e-09 3.811578229605730357e-08
1.460560814884985480e-09 7.847599703514606690e-08 8.399999999999999689e-01 2.693407077590720999e-09 5.498483093603341657e-08
1.460560814884985480e-09 1.438449888287662961e-07 8.399999999999999689e-01 2.583895596068261639e-09 8.647703638527675989e-08
1.460560814884985480e-09 2.636650898730355393e-07 8.399999999999999689e-01 3.068027023178286990e-09 1.367881328893983550e-07
1.460560814884985480e-09 4.832930238571752032e-07 8.399999999999999689e-01 3.336188640994225163e-09 2.863549860885005445e-07
1.460560814884985480e-09 8.858667904100832524e-07 8.399999999999999689e-01 4.158649414846058261e-09 5.131202624409684517e-07
1.460560814884985480e-09 1.623776739188720875e-06 8.399999999999999689e-01 5.137444372416083542e-09 1.024914992960959607e-06
1.460560814884985480e-09 2.976351441631318993e-06 8.399999999999999689e-01 6.232484311586137372e-09 1.605675019305778946e-06
1.460560814884985480e-09 5.455594781168514170e-06 8.399999999999999689e-01 7.925978940845307651e-09 2.725969809630508343e-06
1.460560814884985480e-09 1.000000000000000082e-05 8.399999999999999689e-01 1.011363932060555505e-08 5.302000059331700344e-06
2.370052253416296868e-09 1.000000000000000036e-10 8.399999999999999689e-01 1.968043080504114004e-04 4.582565743615490458e-06
2.370052253416296868e-09 1.832980710832437419e-10 8.399999999999999689e-01 3.252729827767371460e-05 1.388905568294732344e-06
2.370052253416296868e-09 3.359818286283787719e-10 8.399999999999999689e-01 7.363289437073021006e-06 5.552194684327901019e-07
2.370052253416296868e-09 6.158482110660254848e-10 8.399999999999999689e-01 1.302627701495092065e-06 1.820019231345364692e-07
2.370052253416296868e-09 1.128837891684688263e-09 8.399999999999999689e-01 1.692437885855280438e-07 4.614889087969746578e-08
2.370052253416296868e-09 2.069138081114789946e-09 8.399999999999999689e-01 4.110978203344050558e-09 5.412821408243073552e-09
2.370052253416296868e-09 3.792690190732253654e-09 8.399999999999999689e-01 2.032795543815482075e-09 3.334549813864725971e-09
2.370052253416296868e-09 6.951927961775591174e-09 8.399999999999999689e-01 1.941306761177327231e-09 4.240309401911795989e-09
2.370052253416296868e-09 1.274274985703132061e-08 8.399999999999999689e-01 2.281797867727715359e-09 6.244691550174210802e-09
2.370052253416296868e-09 2.335721469090121435e-08 8.399999999999999689e-01 2.489541520902391406e-09 1.204563841895885524e-08
2.370052253416296868e-09 4.281332398719395868e-08 8.399999999999999689e-01 2.717981747471490740e-09 2.195101832147688106e-08
2.370052253416296868e-09 7.847599703514606690e-08 8.399999999999999689e-01 3.069487130610485504e-09 3.368046594798744968e-08
2.370052253416296868e-09 1.438449888287662961e-07 8.399999999999999689e-01 2.578596468606427687e-09 5.319309906095343756e-08
2.370052253416296868e-09 2.636650898730355393e-07 8.399999999999999689e-01 3.022825403866697314e-09 8.460235721918708976e-08
2.370052253416296868e-09 4.832930238571752032e-07 8.399999999999999689e-01 3.387802717927970410e-09 1.791854689622510305e-07
2.370052253416296868e-09 8.858667904100832524e-07 8.399999999999999689e-01 4.115803713007883870e-09 3.207159443389092973e-07
2.370052253416296868e-09 1.623776739188720875e-06 8.399999999999999689e-01 5.115363197046145261e-09 6.278921931814668634e-07
2.370052253416296868e-09 2.976351441631318993e-06 8.399999999999999689e-01 6.169210749095165192e-09 9.323661638014868555e-07
2.370052253416296868e-09 5.455594781168514170e-06 8.399999999999999689e-01 7.630938072242779050e-09 1.825511547399076390e-06
2.370052253416296868e-09 1.000000000000000082e-05 8.399999999999999689e-01 1.010004111346045631e-08 3.316321779121615119e-06
3.845884147156173360e-09 1.000000000000000036e-10 8.399999999999999689e-01 2.330271388732526770e-04 3.268836781313668433e-06
3.845884147156173360e-09 1.832980710832437419e-10 8.399999999999999689e-01 3.349404793954067149e-05 8.785827441234520057e-07
3.845884147156173360e-09 3.359818286283787719e-10 8.399999999999999689e-01 1.031497522208578287e-05 4.652067497939083980e-07
3.845884147156173360e-09 6.158482110660254848e-10 8.399999999999999689e-01 8.505634551356115106e-07 7.624116752220519341e-08
3.845884147156173360e-09 1.128837891684688263e-09 8.399999999999999689e-01 1.070587630264620437e-07 1.944079150395047884e-08
3.845884147156173360e-09 2.069138081114789946e-09 8.399999999999999689e-01 3.641480239702388642e-09 3.256848699711240323e-09
3.845884147156173360e-09 3.792690190732253654e-09 8.399999999999999689e-01 2.200816654151001614e-09 1.735901051204404229e-09
3.845884147156173360e-09 6.951927961775591174e-09 8.399999999999999689e-01 1.888058966442887573e-09 2.833253493619566118e-09
3.845884147156173360e-09 1.274274985703132061e-08 8.399999999999999689e-01 2.131642212541194396e-09 4.005638810199195129e-09
3.845884147156173360e-09 2.335721469090121435e-08 8.399999999999999689e-01 2.418190402251528163e-09 7.654927766369026539e-09
3.845884147156173360e-09 4.281332398719395868e-08 8.399999999999999689e-01 2.682501798373220643e-09 1.416880579375892260e-08
3.845884147156173360e-09 7.847599703514606690e-08 8.399999999999999689e-01 2.818314007243230602e-09 2.097935860851542135e-08
3.845884147156173360e-09 1.438449888287662961e-07 8.399999999999999689e-01 2.754645755539703510e-09 3.202702353649561765e-08
3.845884147156173360e-09 2.636650898730355393e-07 8.399999999999999689e-01 2.959364771180271296e-09 5.883672460157291464e-08
3.845884147156173360e-09 4.832930238571752032e-07 8.399999999999999689e-01 3.317891132157700084e-09 1.078888466309750832e-07
3.845884147156173360e-09 8.858667904100832524e-07 8.399999999999999689e-01 4.173157365927994737e-09 1.936764795349785025e-07
3.845884147156173360e-09 1.623776739188720875e-06 8.399999999999999689e-01 5.177479156642220956e-09 3.906346776839015186e-07
3.845884147156173360e-09 2.976351441631318993e-06 8.399999999999999689e-01 6.208985528291289103e-09 5.823850526849478063e-07
3.845884147156173360e-09 5.455594781168514170e-06 8.399999999999999689e-01 7.788340091282964780e-09 1.066705833721028087e-06
3.845884147156173360e-09 1.000000000000000082e-05 8.399999999999999689e-01 1.012779924602844727e-08 2.011799035528572642e-06
6.240716782521154339e-09 1.000000000000000036e-10 8.399999999999999689e-01 1.560912792407541567e-04 1.459269316775096157e-06
6.240716782521154339e-09 1.832980710832437419e-10 8.399999999999999689e-01 1.234202279442931684e-04 1.827621106685878144e-06
6.240716782521154339e-09 3.359818286283787719e-10 8.399999999999999689e-01 9.961472088296989034e-06 2.773017138191747169e-07
6.240716782521154339e-09 6.158482110660254848e-10 8.399999999999999689e-01 1.361310637352817955e-06 7.196477621609798788e-08
6.240716782521154339e-09 1.128837891684688263e-09 8.399999999999999689e-01 1.227177576795051226e-07 1.333681393726459494e-08
6.240716782521154339e-09 2.069138081114789946e-09 8.399999999999999689e-01 7.586864426658724359e-09 2.514746018042318137e-09
6.240716782521154339e-09 3.792690190732253654e-09 8.399999999999999689e-01 1.786987203446153324e-09 1.871042333990334600e-09
6.240716782521154339e-09 6.951927961775591174e-09 8.399999999999999689e-01 1.882546467138491993e-09 1.899265011228120535e-09
6.240716782521154339e-09 1.274274985703132061e-08 8.399999999999999689e-01 2.214724407597465056e-09 2.376918225021196866e-09
6.240716782521154339e-09 2.335721469090121435e-08 8.399999999999999689e-01 2.476186932846010934e-09 4.681758287115072995e-09
6.240716782521154339e-09 4.281332398719395868e-08 8.399999999999999689e-01 2.722012790271639095e-09 8.164944137841370003e-09
6.240716782521154339e-09 7.847599703514606690e-08 8.399999999999999689e-01 3.052463383618685416e-09 1.284213047252128540e-08
6.240716782521154339e-09 1.438449888287662961e-07 8.399999999999999689e-01 2.755969014239857209e-09 1.973513870938970821e-08
6.240716782521154339e-09 2.636650898730355393e-07 8.399999999999999689e-01 3.082246561448921573e-09 3.199054684732070611e-08
6.240716782521154339e-09 4.832930238571752032e-07 8.399999999999999689e-01 3.266830153246612792e-09 6.469697881773759793e-08
6.240716782521154339e-09 8.858667904100832524e-07 8.399999999999999689e-01 3.906264054605548257e-09 1.404785398526415151e-07
6.240716782521154339e-09 1.623776739188720875e-06 8.399999999999999689e-01 4.973957707431045014e-09 2.242796464265191064e-07
6.240716782521154339e-09 2.976351441631318993e-06 8.399999999999999689e-01 6.183649909526050382e-09 3.567952965650297931e-07
6.240716782521154339e-09 5.455594781168514170e-06 8.399999999999999689e-01 7.669554624349985837e-09 6.821126939433178157e-07
6.240716782521154339e-09 1.000000000000000082e-05 8.399999999999999689e-01 1.021611598122258241e-08 1.211616356141242753e-06
1.012681205918280571e-08 1.000000000000000036e-10 8.399999999999999689e-01 2.626160273813483493e-04 1.378434539673214418e-06
1.012681205918280571e-08 1.832980710832437419e-10 8.399999999999999689e-01 1.805823855589759272e-05 2.098642935792524640e-07
1.012681205918280571e-08 3.359818286283787719e-10 8.399999999999999689e-01 3.476716232286433624e-06 7.046900579557699158e-08
1.012681205918280571e-08 6.158482110660254848e-10 8.399999999999999689e-01 1.395357244854671203e-06 4.494115559936288748e-08
1.012681205918280571e-08 1.128837891684688263e-09 8.399999999999999689e-01 9.561035319453673735e-08 6.787007441480716045e-09
1.012681205918280571e-08 2.069138081114789946e-09 8.399999999999999689e-01 3.194742610334592404e-09 1.217502569245331959e-09
1.012681205918280571e-08 3.792690190732253654e-09 8.399999999999999689e-01 2.010156087354949132e-09 8.009640811194004351e-10
1.012681205918280571e-08 6.951927961775591174e-09 8.399999999999999689e-01 1.876331219901447974e-09 1.136864702612437162e-09
1.012681205918280571e-08 1.274274985703132061e-08 8.399999999999999689e-01 2.269547062453966964e-09 1.460812618847325194e-09
1.012681205918280571e-08 2.335721469090121435e-08 8.399999999999999689e-01 2.468888659625308657e-09 2.917021583923272906e-09
1.012681205918280571e-08 4.281332398719395868e-08 8.399999999999999689e-01 2.732260983387457280e-09 4.745784040604842663e-09
1.012681205918280571e-08 7.847599703514606690e-08 8.399999999999999689e-01 2.661161507569670409e-09 7.912099546046679962e-09
1.012681205918280571e-08 1.438449888287662961e-07 8.399999999999999689e-01 2.575214508602262329e-09 1.242044899353484292e-08
1.012681205918280571e-08 2.636650898730355393e-07 8.399999999999999689e-01 2.893905557665580154e-09 2.070701297002971008e-08
1.012681205918280571e-08 4.832930238571752032e-07 8.399999999999999689e-01 3.564709443625501373e-09 4.405587988916117516e-08
1.012681205918280571e-08 8.858667904100832524e-07 8.399999999999999689e-01 4.037460579606178414e-09 7.760352039409358359e-08
1.012681205918280571e-08 1.623776739188720875e-06 8.399999999999999689e-01 5.185230992624605989e-09 1.483495780480237301e-07
1.012681205918280571e-08 2.976351441631318993e-06 8.399999999999999689e-01 6.205066018134217211e-09 2.206602226634627790e-07
1.012681205918280571e-08 5.455594781168514170e-06 8.399999999999999689e-01 7.648106822974570299e-09 4.239815203225268234e-07
1.012681205918280571e-08 1.000000000000000082e-05 8.399999999999999689e-01 1.021036661446819906e-08 7.470389068703896688e-07
1.643277944758465807e-08 1.000000000000000036e-10 8.399999999999999689e-01 1.585949080737994162e-04 5.610346048938892882e-07
1.643277944758465807e-08 1.832980710832437419e-10 8.399999999999999689e-01 3.180507306843443212e-05 1.970434705170630675e-07
1.643277944758465807e-08 3.359818286283787719e-10 8.399999999999999689e-01 9.849299356236986767e-06 1.042159574032322062e-07
1.643277944758465807e-08 6.158482110660254848e-10 8.399999999999999689e-01 4.400047555872017919e-06 8.463668625366241713e-08
1.643277944758465807e-08 1.128837891684688263e-09 8.399999999999999689e-01 1.478987441805828095e-07 5.915688276346067845e-09
1.643277944758465807e-08 2.069138081114789946e-09 8.399999999999999689e-01 8.913145232049189035e-09 1.035654219701763563e-09
1.643277944758465807e-08 3.792690190732253654e-09 8.399999999999999689e-01 1.800744123490697303e-09 7.120711426259110289e-10
1.643277944758465807e-08 6.951927961775591174e-09 8.399999999999999689e-01 1.907062582046705133e-09 6.385193533393736103e-10
1.643277944758465807e-08 1.274274985703132061e-08 8.399999999999999689e-01 2.219272763185010786e-09 9.044002918149726605e-10
1.643277944758465807e-08 2.335721469090121435e-08 8.399999999999999689e-01 2.470361943482113254e-09 1.787925438455524345e-09
1.643277944758465807e-08 4.281332398719395868e-08 8.399999999999999689e-01 2.586740605614490360e-09 3.409818487935687456e-09
1.643277944758465807e-08 7.847599703514606690e-08 8.399999999999999689e-01 3.078159461193520833e-09 4.801322141710959963e-09
1.643277944758465807e-08 1.438449888287662961e-07 8.399999999999999689e-01 2.616157214881383843e-09 7.570379017093441854e-09
1.643277944758465807e-08 2.636650898730355393e-07 8.399999999999999689e-01 3.021646815465943582e-09 1.220302262401806498e-08
1.643277944758465807e-08 4.832930238571752032e-07 8.399999999999999689e-01 3.301272441939060897e-09 2.423512222236449301e-08
1.643277944758465807e-08 8.858667904100832524e-07 8.399999999999999689e-01 3.925549482430123995e-09 5.165118162282437684e-08
1.643277944758465807e-08 1.623776739188720875e-06 8.399999999999999689e-01 5.110631630975431007e-09 8.985210216439812557e-08
1.643277944758465807e-08 2.976351441631318993e-06 8.399999999999999689e-01 6.164175067024475689e-09 1.343620983509702793e-07
1.643277944758465807e-08 5.455594781168514170e-06 8.399999999999999689e-01 7.571109273776199626e-09 2.752363006377056884e-07
1.643277944758465807e-08 1.000000000000000082e-05 8.399999999999999689e-01 1.011851854391365704e-08 4.915684405432228287e-07
2.666547367471853616e-08 1.000000000000000036e-10 8.399999999999999689e-01 2.978997618009220560e-04 5.840236679896598742e-07
2.666547367471853616e-08 1.832980710832437419e-10 8.399999999999999689e-01 7.823017717834507636e-05 2.749094786708286309e-07
2.666547367471853616e-08 3.359818286283787719e-10 8.399999999999999689e-01 1.118768041354175596e-05 7.248339108695066191e-08
2.666547367471853616e-08 6.158482110660254848e-10 8.399999999999999689e-01 2.248412385809129782e-06 2.707450927412910577e-08
2.666547367471853616e-08 1.128837891684688263e-09 8.399999999999999689e-01 1.820029971578101866e-07 4.376870923671840643e-09
2.666547367471853616e-08 2.069138081114789946e-09 8.399999999999999689e-01 4.302597711017677355e-09 4.864658366455999682e-10
2.666547367471853616e-08 3.792690190732253654e-09 8.399999999999999689e-01 1.754842485433055228e-09 4.033704688380496729e-10
2.666547367471853616e-08 6.951927961775591174e-09 8.399999999999999689e-01 1.883712474152333293e-09 4.484321001787897838e-10
2.666547367471853616e-08 1.274274985703132061e-08 8.399999999999999689e-01 2.216188699318078067e-09 5.572456476320173144e-10
2.666547367471853616e-08 2.335721469090121435e-08 8.399999999999999689e-01 2.475339927130697556e-09 9.847742741566012915e-10
2.666547367471853616e-08 4.281332398719395868e-08 8.399999999999999689e-01 2.729141021640120837e-09 1.795819899635015941e-09
2.666547367471853616e-08 7.847599703514606690e-08 8.399999999999999689e-01 2.635966331093835865e-09 2.996292075729947227e-09
2.666547367471853616e-08 1.438449888287662961e-07 8.399999999999999689e-01 2.585195610226176215e-09 4.689332420388231021e-09
2.666547367471853616e-08 2.636650898730355393e-07 8.399999999999999689e-01 2.976182267507206784e-09 8.579166290176309075e-09
2.666547367471853616e-08 4.832930238571752032e-07 8.399999999999999689e-01 3.294879724888762008e-09 1.494322961844533417e-08
2.666547367471853616e-08 8.858667904100832524e-07 8.399999999999999689e-01 3.924258365933515826e-09 3.178696025203971498e-08
2.666547367471853616e-08 1.623776739188720875e-06 8.399999999999999689e-01 5.094936568198705451e-09 5.510453951676320543e-08
2.666547367471853616e-08 2.976351441631318993e-06 8.399999999999999689e-01 6.162141133563749523e-09 8.282549336843085437e-08
2.666547367471853616e-08 5.455594781168514170e-06 8.399999999999999689e-01 7.868065639301202905e-09 1.512250917455248548e-07
2.666547367471853616e-08 1.000000000000000082e-05 8.399999999999999689e-01 1.010662867273796157e-08 3.000526733891602335e-07
4.327006813212109066e-08 1.000000000000000036e-10 8.399999999999999689e-01 1.180673929970296060e-04 1.730030755594474060e-07
4.327006813212109066e-08 1.832980710832437419e-10 8.399999999999999689e-01 1.625242573599651848e-05 4.603565532254863949e-08
4.327006813212109066e-08 3.359818286283787719e-10 8.399999999999999689e-01 1.601193170566321926e-05 6.321536376338682294e-08
4.327006813212109066e-08 6.158482110660254848e-10 8.399999999999999689e-01 2.806960509501445387e-06 2.060313868988481738e-08
4.327006813212109066e-08 1.128837891684688263e-09 8.399999999999999689e-01 5.555555243714717342e-08 1.136180176764083170e-09
4.327006813212109066e-08 2.069138081114789946e-09 8.399999999999999689e-01 3.857796637693116087e-09 2.932106536992716034e-10
4.327006813212109066e-08 3.792690190732253654e-09 8.399999999999999689e-01 1.771792947921931067e-09 2.686601347400935054e-10
4.327006813212109066e-08 6.951927961775591174e-09 8.399999999999999689e-01 1.895490842776233260e-09 2.787512788974895378e-10
4.327006813212109066e-08 1.274274985703132061e-08 8.399999999999999689e-01 2.326722329503125679e-09 3.467960839679930946e-10
4.327006813212109066e-08 2.335721469090121435e-08 8.399999999999999689e-01 2.469925017383448756e-09 6.780775687838109557e-10
4.327006813212109066e-08 4.281332398719395868e-08 8.399999999999999689e-01 2.633753203123085456e-09 1.298369688484587126e-09
4.327006813212109066e-08 7.847599703514606690e-08 8.399999999999999689e-01 2.975828628289516171e-09 1.865122376004779391e-09
4.327006813212109066e-08 1.438449888287662961e-07 8.399999999999999689e-01 2.710271073583099499e-09 2.852871171827174489e-09
4.327006813212109066e-08 2.636650898730355393e-07 8.399999999999999689e-01 2.932834008707975285e-09 5.141315426671102094e-09
4.327006813212109066e-08 4.832930238571752032e-07 8.399999999999999689e-01 3.398935346578126704e-09 9.874766319219168341e-09
4.327006813212109066e-08 8.858667904100832524e-07 8.399999999999999689e-01 3.913085694187468892e-09 2.026225925613920594e-08
4.327006813212109066e-08 1.623776739188720875e-06 8.399999999999999689e-01 5.172028974420050086e-09 3.466165584391778060e-08
4.327006813212109066e-08 2.976351441631318993e-06 8.399999999999999689e-01 6.216646390179070003e-09 5.202656345020041651e-08
4.327006813212109066e-08 5.455594781168514170e-06 8.399999999999999689e-01 7.624270888450043663e-09 1.003165169313209730e-07
4.327006813212109066e-08 1.000000000000000082e-05 8.399999999999999689e-01 1.018041646605847619e-08 1.755630857898750440e-07
7.021434604904553075e-08 1.000000000000000036e-10 8.399999999999999689e-01 2.751401228006504517e-04 2.033971843966212293e-07
7.021434604904553075e-08 1.832980710832437419e-10 8.399999999999999689e-01 2.676277599157531035e-05 4.015802271418521474e-08
7.021434604904553075e-08 3.359818286283787719e-10 8.399999999999999689e-01 4.524898673368434840e-05 1.092200206227754301e-07
7.021434604904553075e-08 6.158482110660254848e-10 8.399999999999999689e-01 2.233777757606210679e-06 1.021749445651138320e-08
7.021434604904553075e-08 1.128837891684688263e-09 8.399999999999999689e-01 2.142111988650277537e-07 1.929953751834782857e-09
7.021434604904553075e-08 2.069138081114789946e-09 8.399999999999999689e-01 6.189440062954345392e-09 2.060487336861453495e-10
7.021434604904553075e-08 3.792690190732253654e-09 8.399999999999999689e-01 1.749391673244079825e-09 1.554312007634522864e-10
7.021434604904553075e-08 6.951927961775591174e-09 8.399999999999999689e-01 1.984497507727055943e-09 1.814727124975688709e-10
7.021434604904553075e-08 1.274274985703132061e-08 8.399999999999999689e-01 2.114253865866508465e-09 2.260666101740810862e-10
7.021434604904553075e-08 2.335721469090121435e-08 8.399999999999999689e-01 2.416333402147488170e-09 4.202575570423843823e-10
7.021434604904553075e-08 4.281332398719395868e-08 8.399999999999999689e-01 2.681862020661501282e-09 7.858347720091037469e-10
7.021434604904553075e-08 7.847599703514606690e-08 8.399999999999999689e-01 3.077138152884865814e-09 1.131683120114470223e-09
7.021434604904553075e-08 1.438449888287662961e-07 8.399999999999999689e-01 2.624881736776655445e-09 1.769954535647293760e-09
7.021434604904553075e-08 2.636650898730355393e-07 8.399999999999999689e-01 2.894936789876450136e-09 2.982791479845703696e-09
7.021434604904553075e-08 4.832930238571752032e-07 8.399999999999999689e-01 3.498767571673504704e-09 6.255275570957888640e-09
7.021434604904553075e-08 8.858667904100832524e-07 8.399999999999999689e-01 4.044697798912402689e-09 1.126338006454500415e-08
7.021434604904553075e-08 1.623776739188720875e-06 8.399999999999999689e-01 5.281446687955220006e-09 2.077613758060152383e-08
7.021434604904553075e-08 2.976351441631318993e-06 8.399999999999999689e-01 6.232735168141826349e-09 3.338512157233414690e-08
7.021434604904553075e-08 5.455594781168514170e-06 8.399999999999999689e-01 7.655343683965198223e-09 6.096595148768970046e-08
7.021434604904553075e-08 1.000000000000000082e-05 8.399999999999999689e-01 1.022164042757031693e-08 1.076151321420536624e-07
1.139368298668182587e-07 1.000000000000000036e-10 8.399999999999999689e-01 1.916196818143016010e-04 9.357497493599024076e-08
1.139368298668182587e-07 1.832980710832437419e-10 8.399999999999999689e-01 1.420115921941461981e-04 1.152109762356362849e-07
1.139368298668182587e-07 3.359818286283787719e-10 8.399999999999999689e-01 2.922678418137210703e-06 5.572614691053052471e-09
1.139368298668182587e-07 6.158482110660254848e-10 8.399999999999999689e-01 9.493757700006320487e-07 2.860208305294200214e-09
1.139368298668182587e-07 1.128837891684688263e-09 8.399999999999999689e-01 7.947461046387718663e-08 5.309490438184195381e-10
1.139368298668182587e-07 2.069138081114789946e-09 8.399999999999999689e-01 2.770991041170598130e-09 1.072372897821585822e-10
1.139368298668182587e-07 3.792690190732253654e-09 8.399999999999999689e-01 1.760681556736201196e-09 1.014789404612140056e-10
1.139368298668182587e-07 6.951927961775591174e-09 8.399999999999999689e-01 2.100596399572105729e-09 1.105811571802394599e-10
1.139368298668182587e-07 1.274274985703132061e-08 8.399999999999999689e-01 2.188654823311625701e-09 1.312863165541371708e-10
1.139368298668182587e-07 2.335721469090121435e-08 8.399999999999999689e-01 2.426503493122839955e-09 2.593931060254886837e-10
1.139368298668182587e-07 4.281332398719395868e-08 8.399999999999999689e-01 2.706234978101497995e-09 4.691149247438367068e-10
1.139368298668182587e-07 7.847599703514606690e-08 8.399999999999999689e-01 2.764740844811096401e-09 7.070013781161157841e-10
1.139368298668182587e-07 1.438449888287662961e-07 8.399999999999999689e-01 2.835287473025852052e-09 1.078068405159557152e-09
1.139368298668182587e-07 2.636650898730355393e-07 8.399999999999999689e-01 3.116078994206038575e-09 1.750465700268546801e-09
1.139368298668182587e-07 4.832930238571752032e-07 8.399999999999999689e-01 3.262661817455311838e-09 3.535254982188931270e-09
1.139368298668182587e-07 8.858667904100832524e-07 8.399999999999999689e-01 3.949712043496753829e-09 7.255337924383152445e-09
1.139368298668182587e-07 1.623776739188720875e-06 8.399999999999999689e-01 5.220883084704087984e-09 1.316439142519131107e-08
1.139368298668182587e-07 2.976351441631318993e-06 8.399999999999999689e-01 6.177872539521624941e-09 1.944681736446161110e-08
1.139368298668182587e-07 5.455594781168514170e-06 8.399999999999999689e-01 7.828199834736506687e-09 3.567783494376999632e-08
1.139368298668182587e-07 1.000000000000000082e-05 8.399999999999999689e-01 1.015585715716360418e-08 7.258901511595487030e-08
1.848853109168387493e-07 1.000000000000000036e-10 8.399999999999999689e-01 1.529627848244163152e-04 4.853262364763160839e-08
1.848853109168387493e-07 1.832980710832437419e-10 8.399999999999999689e-01 1.900928152673552753e-04 9.463164242214909277e-08
1.848853109168387493e-07 3.359818286283787719e-10 8.399999999999999689e-01 3.834438854091324334e-06 4.143119085587517042e-09
1.848853109168387493e-07 6.158482110660254848e-10 8.399999999999999689e-01 1.702273596491283269e-06 2.992287753667109121e-09
1.848853109168387493e-07 1.128837891684688263e-09 8.399999999999999689e-01 1.673834858703280703e-07 5.856846629476572491e-10
1.848853109168387493e-07 2.069138081114789946e-09 8.399999999999999689e-01 6.157593865684686121e-09 7.807009715381991471e-11
1.848853109168387493e-07 3.792690190732253654e-09 8.399999999999999689e-01 2.004690504236912348e-09 4.408936995617951047e-11
1.848853109168387493e-07 6.951927961775591174e-09 8.399999999999999689e-01 1.963118746048478550e-09 5.316034639206326675e-11
1.848853109168387493e-07 1.274274985703132061e-08 8.399999999999999689e-01 2.170511327215095994e-09 8.128992225814959333e-11
1.848853109168387493e-07 2.335721469090121435e-08 8.399999999999999689e-01 2.434305798605902829e-09 1.603241544763802447e-10
1.848853109168387493e-07 4.281332398719395868e-08 8.399999999999999689e-01 2.723539254176265397e-09 2.675046620951647740e-10
1.848853109168387493e-07 7.847599703514606690e-08 8.399999999999999689e-01 3.054922116682173566e-09 4.330604620079781282e-10
1.848853109168387493e-07 1.438449888287662961e-07 8.399999999999999689e-01 2.588381732843101825e-09 6.758748995524488366e-10
1.848853109168387493e-07 2.636650898730355393e-07 8.399999999999999689e-01 2.892375839562011145e-09 1.155329551006329158e-09
1.848853109168387493e-07 4.832930238571752032e-07 8.399999999999999689e-01 3.316732288824137166e-09 2.244938725178186606e-09
1.848853109168387493e-07 8.858667904100832524e-07 8.399999999999999689e-01 4.027958583433047797e-09 4.301843415548302995e-09
1.848853109168387493e-07 1.623776739188720875e-06 8.399999999999999689e-01 4.989580166233644200e-09 7.635165676081462217e-09
1.848853109168387493e-07 2.976351441631318993e-06 8.399999999999999689e-01 6.121876196459420051e-09 1.194184192572358946e-08
1.848853109168387493e-07 5.455594781168514170e-06 8.399999999999999689e-01 7.936015342048496228e-09 2.148468433174341047e-08
1.848853109168387493e-07 1.000000000000000082e-05 8.399999999999999689e-01 1.012979824966771635e-08 4.414212319972033888e-08
3.000134217598685120e-07 1.000000000000000036e-10 8.399999999999999689e-01 8.518683143686685852e-05 2.056047751617500914e-08
3.000134217598685120e-07 1.832980710832437419e-10 8.399999999999999689e-01 1.049226596425067916e-04 3.249158682289523904e-08
3.000134217598685120e-07 3.359818286283787719e-10 8.399999999999999689e-01 1.240897666013205471e-05 7.116571916582092020e-09
3.000134217598685120e-07 6.158482110660254848e-10 8.399999999999999689e-01 1.574326499692784643e-06 1.698803249468481209e-09
3.000134217598685120e-07 1.128837891684688263e-09 8.399999999999999689e-01 7.572971611329324342e-08 1.956432079284470672e-10
3.000134217598685120e-07 2.069138081114789946e-09 8.399999999999999689e-01 3.985769786659034540e-09 4.254136958013749182e-11
3.000134217598685120e-07 3.792690190732253654e-09 8.399999999999999689e-01 1.832451962757774108e-09 3.240461484468888570e-11
3.000134217598685120e-07 6.951927961775591174e-09 8.399999999999999689e-01 1.886461897618921629e-09 3.982916728929010534e-11
3.000134217598685120e-07 1.274274985703132061e-08 8.399999999999999689e-01 2.120476366701469100e-09 5.210982813449411254e-11
3.000134217598685120e-07 2.335721469090121435e-08 8.399999999999999689e-01 2.412805453069405308e-09 9.800871747666982865e-11
3.000134217598685120e-07 4.281332398719395868e-08 8.399999999999999689e-01 2.738900104315481237e-09 1.455320708596962616e-10
3.000134217598685120e-07 7.847599703514606690e-08 8.399999999999999689e-01 3.034836219576093046e-09 2.681691949719478210e-10
3.000134217598685120e-07 1.438449888287662961e-07 8.399999999999999689e-01 2.580692444865092365e-09 4.206333789768153082e-10
3.000134217598685120e-07 2.636650898730355393e-07 8.399999999999999689e-01 3.140547284460627865e-09 6.646002898675634310e-10
3.000134217598685120e-07 4.832930238571752032e-07 8.399999999999999689e-01 3.503942053892636722e-09 1.466947210223660503e-09
3.000134217598685120e-07 8.858667904100832524e-07 8.399999999999999689e-01 3.947465627669817729e-09 2.750679325510898230e-09
3.000134217598685120e-07 1.623776739188720875e-06 8.399999999999999689e-01 5.221816198055660369e-09 4.999581756045764617e-09
3.000134217598685120e-07 2.976351441631318993e-06 8.399999999999999689e-01 6.225994126119636931e-09 7.662822159069071831e-09
3.000134217598685120e-07 5.455594781168514170e-06 8.399999999999999689e-01 7.656026693772042461e-09 1.426328669375724853e-08
3.000134217598685120e-07 1.000000000000000082e-05 8.399999999999999689e-01 1.010809801301412693e-08 2.679995577600609860e-08
4.868318244955127635e-07 1.000000000000000036e-10 8.399999999999999689e-01 3.400498154172260741e-04 3.630644323654941541e-08
4.868318244955127635e-07 1.832980710832437419e-10 8.399999999999999689e-01 1.775167278149107758e-05 4.320510548496130818e-09
4.868318244955127635e-07 3.359818286283787719e-10 8.399999999999999689e-01 3.270526828326009196e-06 1.404937945844925453e-09
4.868318244955127635e-07 6.158482110660254848e-10 8.399999999999999689e-01 2.201338188842908779e-06 1.444019735642677875e-09
4.868318244955127635e-07 1.128837891684688263e-09 8.399999999999999689e-01 1.117050676165678537e-07 1.587253084874102661e-10
4.868318244955127635e-07 2.069138081114789946e-09 8.399999999999999689e-01 6.839991116737748245e-09 3.087768161962968768e-11
4.868318244955127635e-07 3.792690190732253654e-09 8.399999999999999689e-01 1.749827434931062555e-09 2.352864495706558598e-11
4.868318244955127635e-07 6.951927961775591174e-09 8.399999999999999689e-01 1.919946418378558443e-09 2.110035699568182585e-11
4.868318244955127635e-07 1.274274985703132061e-08 8.399999999999999689e-01 2.221545902644232942e-09 3.047286105254558499e-11
4.868318244955127635e-07 2.335721469090121435e-08 8.399999999999999689e-01 2.410942821510904635e-09 6.058531664326546084e-11
4.868318244955127635e-07 4.281332398719395868e-08 8.399999999999999689e-01 2.743133763368175247e-09 9.510960585066337170e-11
4.868318244955127635e-07 7.847599703514606690e-08 8.399999999999999689e-01 2.729488269889769289e-09 1.651523473043696987e-10
4.868318244955127635e-07 1.438449888287662961e-07 8.399999999999999689e-01 2.596713355523174754e-09 2.562549824290417435e-10
4.868318244955127635e-07 2.636650898730355393e-07 8.399999999999999689e-01 2.998141836851892115e-09 4.131258738009546330e-10
4.868318244955127635e-07 4.832930238571752032e-07 8.399999999999999689e-01 3.292963686426140798e-09 8.185311241996900520e-10
4.868318244955127635e-07 8.858667904100832524e-07 8.399999999999999689e-01 3.975655344703589490e-09 1.679954461015186347e-09
4.868318244955127635e-07 1.623776739188720875e-06 8.399999999999999689e-01 5.104138475825166888e-09 3.048782744189812591e-09
4.868318244955127635e-07 2.976351441631318993e-06 8.399999999999999689e-01 6.231444769453304433e-09 4.782188665380073521e-09
4.868318244955127635e-07 5.455594781168514170e-06 8.399999999999999689e-01 7.572607624366047579e-09 9.386187676720029763e-09
4.868318244955127635e-07 1.000000000000000082e-05 8.399999999999999689e-01 1.011666252700205591e-08 1.659410026990868812e-08
7.899820746397448638e-07 1.000000000000000036e-10 8.399999999999999689e-01 7.354909272348109529e-04 4.702381469449118580e-08
7.899820746397448638e-07 1.832980710832437419e-10 8.399999999999999689e-01 3.384574569321578572e-05 4.310760497915037774e-09
7.899820746397448638e-07 3.359818286283787719e-10 8.399999999999999689e-01 1.916866733457348561e-05 4.133020363984540812e-09
7.899820746397448638e-07 6.158482110660254848e-10 8.399999999999999689e-01 1.585294314553031420e-06 6.549218350383319161e-10
7.899820746397448638e-07 1.128837891684688263e-09 8.399999999999999689e-01 3.090632428873103140e-07 2.429971596959173980e-10
7.899820746397448638e-07 2.069138081114789946e-09 8.399999999999999689e-01 5.253062423107673390e-09 1.732070544106547984e-11
7.899820746397448638e-07 3.792690190732253654e-09 8.399999999999999689e-01 1.809688736891804281e-09 1.257188885845363218e-11
7.899820746397448638e-07 6.951927961775591174e-09 8.399999999999999689e-01 1.910709853862843159e-09 1.563075320765320472e-11
7.899820746397448638e-07 1.274274985703132061e-08 8.399999999999999689e-01 2.326691288052978256e-09 1.897840070746873612e-11
7.899820746397448638e-07 2.335721469090121435e-08 8.399999999999999689e-01 2.412482147411300832e-09 3.714960465044975221e-11
7.899820746397448638e-07 4.281332398719395868e-08 8.399999999999999689e-01 2.709128870715477587e-09 6.674626034337139803e-11
7.899820746397448638e-07 7.847599703514606690e-08 8.399999999999999689e-01 2.958801718314542542e-09 1.022356857093786397e-10
7.899820746397448638e-07 1.438449888287662961e-07 8.399999999999999689e-01 2.607633869311725029e-09 1.576476541615958809e-10
7.899820746397448638e-07 2.636650898730355393e-07 8.399999999999999689e-01 2.952957660587356576e-09 2.852163596559896362e-10
7.899820746397448638e-07 4.832930238571752032e-07 8.399999999999999689e-01 3.518758278068885799e-09 5.591386521395800768e-10
7.899820746397448638e-07 8.858667904100832524e-07 8.399999999999999689e-01 3.899422628106724295e-09 1.098787706896411333e-09
7.899820746397448638e-07 1.623776739188720875e-06 8.399999999999999689e-01 5.075138684929367613e-09 1.860061541428605563e-09
7.899820746397448638e-07 2.976351441631318993e-06 8.399999999999999689e-01 6.205272106919508786e-09 2.837166725735443621e-09
7.899820746397448638e-07 5.455594781168514170e-06 8.399999999999999689e-01 7.569473963506330296e-09 5.754161540961469399e-09
7.899820746397448638e-07 1.000000000000000082e-05 8.399999999999999689e-01 1.024597933557977735e-08 9.546342862107451744e-09
1.281904031025128154e-06 1.000000000000000036e-10 8.399999999999999689e-01 5.462045577583509023e-04 2.131978869254872939e-08
1.281904031025128154e-06 1.832980710832437419e-10 8.399999999999999689e-01 3.505882494844019535e-05 2.739240331035452454e-09
1.281904031025128154e-06 3.359818286283787719e-10 8.399999999999999689e-01 7.829003763532234970e-06 1.085281428628401948e-09
1.281904031025128154e-06 6.158482110660254848e-10 8.399999999999999689e-01 8.662271318514476998e-07 2.322092424755428066e-10
1.281904031025128154e-06 1.128837891684688263e-09 8.399999999999999689e-01 1.430949786313418023e-07 7.373722190404939584e-11
1.281904031025128154e-06 2.069138081114789946e-09 8.399999999999999689e-01 3.753987744278057818e-09 9.834032080965928933e-12
1.281904031025128154e-06 3.792690190732253654e-09 8.399999999999999689e-01 2.056186474988058638e-09 6.041063742730859009e-12
1.281904031025128154e-06 6.951927961775591174e-09 8.399999999999999689e-01 1.895706706371264829e-09 8.331314291606738505e-12
1.281904031025128154e-06 1.274274985703132061e-08 8.399999999999999689e-01 2.281310793207238409e-09 1.154613172410005050e-11
1.281904031025128154e-06 2.335721469090121435e-08 8.399999999999999689e-01 2.429602483812784240e-09 2.314684102333589369e-11
1.281904031025128154e-06 4.281332398719395868e-08 8.399999999999999689e-01 2.735055725174688288e-09 3.675925198756470188e-11
1.281904031025128154e-06 7.847599703514606690e-08 8.399999999999999689e-01 2.553103724617296775e-09 6.181540881066684171e-11
1.281904031025128154e-06 1.438449888287662961e-07 8.399999999999999689e-01 3.006018049744100227e-09 9.559813134594359057e-11
1.281904031025128154e-06 2.636650898730355393e-07 8.399999999999999689e-01 2.940666642442924770e-09 1.588200445232793929e-10
1.281904031025128154e-06 4.832930238571752032e-07 8.399999999999999689e-01 3.292965104346407855e-09 3.204427616751454539e-10
1.281904031025128154e-06 8.858667904100832524e-07 8.399999999999999689e-01 4.006851764683875948e-09 6.226136512546631162e-10
1.281904031025128154e-06 1.623776739188720875e-06 8.399999999999999689e-01 5.018594072153699835e-09 1.108934346457457947e-09
1.281904031025128154e-06 2.976351441631318993e-06 8.399999999999999689e-01 6.147445354568665007e-09 1.721541926728588925e-09
1.281904031025128154e-06 5.455594781168514170e-06 8.399999999999999689e-01 7.647997409580643313e-09 3.349552609725022958e-09
1.281904031025128154e-06 1.000000000000000082e-05 8.399999999999999689e-01 1.010669169374835101e-08 6.057849765100646592e-09
2.080145863446145200e-06 1.000000000000000036e-10 8.399999999999999689e-01 1.618353980049627282e-03 3.899472889508958528e-08
2.080145863446145200e-06 1.832980710832437419e-10 8.399999999999999689e-01 1.143558794123924880e-04 5.084299389967699302e-09
2.080145863446145200e-06 3.359818286283787719e-10 8.399999999999999689e-01 7.332612860564771458e-06 6.302685793335025490e-10
2.080145863446145200e-06 6.158482110660254848e-10 8.399999999999999689e-01 9.957938427599134503e-07 1.632359207945204914e-10
2.080145863446145200e-06 1.128837891684688263e-09 8.399999999999999689e-01 1.424811697235030070e-07 4.526071525573605640e-11
2.080145863446145200e-06 2.069138081114789946e-09 8.399999999999999689e-01 3.692971899859187497e-09 6.043561834296733384e-12
2.080145863446145200e-06 3.792690190732253654e-09 8.399999999999999689e-01 1.743491312996837503e-09 5.342279587393250783e-12
2.080145863446145200e-06 6.951927961775591174e-09 8.399999999999999689e-01 1.960629687895700648e-09 4.719543043759050360e-12
2.080145863446145200e-06 1.274274985703132061e-08 8.399999999999999689e-01 2.268203819696886843e-09 7.112154249596141760e-12
2.080145863446145200e-06 2.335721469090121435e-08 8.399999999999999689e-01 2.393696128258904382e-09 1.390138511354828462e-11
2.080145863446145200e-06 4.281332398719395868e-08 8.399999999999999689e-01 2.631528862782306568e-09 2.701327228341185346e-11
2.080145863446145200e-06 7.847599703514606690e-08 8.399999999999999689e-01 3.017617878245897579e-09 3.871982915867511133e-11
2.080145863446145200e-06 1.438449888287662961e-07 8.399999999999999689e-01 2.939801838851907688e-09 5.892937110111634403e-11
2.080145863446145200e-06 2.636650898730355393e-07 8.399999999999999689e-01 3.211947528670962102e-09 9.600447438314220380e-11
2.080145863446145200e-06 4.832930238571752032e-07 8.399999999999999689e-01 3.408715876945315099e-09 2.055890968364815406e-10
2.080145863446145200e-06 8.858667904100832524e-07 8.399999999999999689e-01 3.900544005381175383e-09 4.178560988259615049e-10
2.080145863446145200e-06 1.623776739188720875e-06 8.399999999999999689e-01 5.115256565316210753e-09 7.149163261751377720e-10
2.080145863446145200e-06 2.976351441631318993e-06 8.399999999999999689e-01 6.198872948368017968e-09 1.075340960334150637e-09
2.080145863446145200e-06 5.455594781168514170e-06 8.399999999999999689e-01 7.683120749413560035e-09 2.037177216491511171e-09
2.080145863446145200e-06 1.000000000000000082e-05 8.399999999999999689e-01 1.013270692905028998e-08 3.935022668050712105e-09
3.375453004662015016e-06 1.000000000000000036e-10 8.399999999999999689e-01 1.429920544589379991e-04 2.527557178931993773e-09
3.375453004662015016e-06 1.832980710832437419e-10 8.399999999999999689e-01 1.828261413735549128e-05 6.360824546667484904e-10
3.375453004662015016e-06 3.359818286283787719e-10 8.399999999999999689e-01 3.174151359208456465e-05 1.594166227857686012e-09
3.375453004662015016e-06 6.158482110660254848e-10 8.399999999999999689e-01 1.061940334598028911e-06 1.051505517204035071e-10
3.375453004662015016e-06 1.128837891684688263e-09 8.399999999999999689e-01 1.199597457069852857e-07 2.421521631351965902e-11
3.375453004662015016e-06 2.069138081114789946e-09 8.399999999999999689e-01 2.906352172175455592e-09 3.615422194550230813e-12
3.375453004662015016e-06 3.792690190732253654e-09 8.399999999999999689e-01 1.957542919118287117e-09 2.539228651752424440e-12
3.375453004662015016e-06 6.951927961775591174e-09 8.399999999999999689e-01 2.056365170561676103e-09 3.774000218959595167e-12
3.375453004662015016e-06 1.274274985703132061e-08 8.399999999999999689e-01 2.312513778888004347e-09 4.414854705449324715e-12
3.375453004662015016e-06 2.335721469090121435e-08 8.399999999999999689e-01 2.404255267878784189e-09 8.642410991515498091e-12
3.375453004662015016e-06 4.281332398719395868e-08 8.399999999999999689e-01 2.702423214147504571e-09 1.570953375842517114e-11
3.375453004662015016e-06 7.847599703514606690e-08 8.399999999999999689e-01 2.918795969638921114e-09 2.396701516912417971e-11
3.375453004662015016e-06 1.438449888287662961e-07 8.399999999999999689e-01 2.989189009056019033e-09 3.630510154550893247e-11
3.375453004662015016e-06 2.636650898730355393e-07 8.399999999999999689e-01 2.947172579323040126e-09 6.651231641207773300e-11
3.375453004662015016e-06 4.832930238571752032e-07 8.399999999999999689e-01 3.288820698070035469e-09 1.181466064833197377e-10
3.375453004662015016e-06 8.858667904100832524e-07 8.399999999999999689e-01 4.119184140431887204e-09 2.254364113033954005e-10
3.375453004662015016e-06 1.623776739188720875e-06 8.399999999999999689e-01 4.944849862699666612e-09 4.029213720386252311e-10
3.375453004662015016e-06 2.976351441631318993e-06 8.399999999999999689e-01 6.215542762156525736e-09 6.741386995602832042e-10
3.375453004662015016e-06 5.455594781168514170e-06 8.399999999999999689e-01 7.865001793680418069e-09 1.192065263761725409e-09
3.375453004662015016e-06 1.000000000000000082e-05 8.399999999999999689e-01 1.017970811700173177e-08 2.253538051419629551e-09
5.477348097025315632e-06 1.000000000000000036e-10 8.399999999999999689e-01 1.258868143775250450e-04 1.422789865390943263e-09
5.477348097025315632e-06 1.832980710832437419e-10 8.399999999999999689e-01 1.010765422551352635e-04 1.709787030987482374e-09
5.477348097025315632e-06 3.359818286283787719e-10 8.399999999999999689e-01 3.345416766941736124e-06 1.268668642348659630e-10
5.477348097025315632e-06 6.158482110660254848e-10 8.399999999999999689e-01 1.120881874130093286e-06 6.801523170116575451e-11
5.477348097025315632e-06 1.128837891684688263e-09 8.399999999999999689e-01 4.479401488418725384e-07 5.075021828234261414e-11
5.477348097025315632e-06 2.069138081114789946e-09 8.399999999999999689e-01 4.682690517276072662e-09 2.415520497152656597e-12
5.477348097025315632e-06 3.792690190732253654e-09 8.399999999999999689e-01 1.742191964571741635e-09 2.049320210000067649e-12
5.477348097025315632e-06 6.951927961775591174e-09 8.399999999999999689e-01 1.924948477136106650e-09 1.861518193959618287e-12
5.477348097025315632e-06 1.274274985703132061e-08 8.399999999999999689e-01 2.267057629273714966e-09 2.700448335469535865e-12
5.477348097025315632e-06 2.335721469090121435e-08 8.399999999999999689e-01 2.405210777148956552e-09 5.372674843913601357e-12
5.477348097025315632e-06 4.281332398719395868e-08 8.399999999999999689e-01 2.743370257180803997e-09 8.146775380096133236e-12
5.477348097025315632e-06 7.847599703514606690e-08 8.399999999999999689e-01 2.824822269153102454e-09 1.474100426691603288e-11
5.477348097025315632e-06 1.438449888287662961e-07 8.399999999999999689e-01 2.617794431624863551e-09 2.270801802062690338e-11
5.477348097025315632e-06 2.636650898730355393e-07 8.399999999999999689e-01 3.079099745162178528e-09 3.645440036778330683e-11
5.477348097025315632e-06 4.832930238571752032e-07 8.399999999999999689e-01 3.320885347844402750e-09 7.612313331719857175e-11
5.477348097025315632e-06 8.858667904100832524e-07 8.399999999999999689e-01 4.048821847479027966e-09 1.426471941982581472e-10
5.477348097025315632e-06 1.623776739188720875e-06 8.399999999999999689e-01 4.925160920384399043e-09 2.471098838607146217e-10
5.477348097025315632e-06 2.976351441631318993e-06 8.399999999999999689e-01 6.226587462384857616e-09 4.161207131014328138e-10
5.477348097025315632e-06 5.455594781168514170e-06 8.399999999999999689e-01 7.571263493326273783e-09 8.208262534941892595e-10
5.477348097025315632e-06 1.000000000000000082e-05 8.399999999999999689e-01 1.016252454553932885e-08 1.514057353204398870e-09
8.888093578713856364e-06 1.000000000000000036e-10 8.399999999999999689e-01 1.873925688903158612e-04 1.180268196607410270e-09
8.888093578713856364e-06 1.832980710832437419e-10 8.399999999999999689e-01 1.240408915112130089e-04 1.292611839264346791e-09
8.888093578713856364e-06 3.359818286283787719e-10 8.399999999999999689e-01 3.284732367418305807e-06 7.720360507425818381e-11
8.888093578713856364e-06 6.158482110660254848e-10 8.399999999999999689e-01 1.109092647479638978e-06 4.199540916607613060e-11
8.888093578713856364e-06 1.128837891684688263e-09 8.399999999999999689e-01 5.401876752069336481e-07 3.751408556300039985e-11
8.888093578713856364e-06 2.069138081114789946e-09 8.399999999999999689e-01 8.617801363932633372e-09 1.880148028332691999e-12
8.888093578713856364e-06 3.792690190732253654e-09 8.399999999999999689e-01 2.115141964809394182e-09 8.194266437388014107e-13
8.888093578713856364e-06 6.951927961775591174e-09 8.399999999999999689e-01 1.901902445173040241e-09 1.186094298322150063e-12
8.888093578713856364e-06 1.274274985703132061e-08 8.399999999999999689e-01 2.182175511878461061e-09 1.682829806832503070e-12
8.888093578713856364e-06 2.335721469090121435e-08 8.399999999999999689e-01 2.410400233197634431e-09 3.308905041180093675e-12
8.888093578713856364e-06 4.281332398719395868e-08 8.399999999999999689e-01 2.689772465224128338e-09 6.123645457330925198e-12
8.888093578713856364e-06 7.847599703514606690e-08 8.399999999999999689e-01 2.727324980602117075e-09 9.045197354979947532e-12
8.888093578713856364e-06 1.438449888287662961e-07 8.399999999999999689e-01 2.676694564674484737e-09 1.391860283939364796e-11
8.888093578713856364e-06 2.636650898730355393e-07 8.399999999999999689e-01 3.074268618013830191e-09 2.247038947880520898e-11
8.888093578713856364e-06 4.832930238571752032e-07 8.399999999999999689e-01 3.267911473056240739e-09 4.509208458492123826e-11
8.888093578713856364e-06 8.858667904100832524e-07 8.399999999999999689e-01 4.156630070229369376e-09 8.444357782318817184e-11
8.888093578713856364e-06 1.623776739188720875e-06 8.399999999999999689e-01 5.059404511304864753e-09 1.629371033510673651e-10
8.888093578713856364e-06 2.976351441631318993e-06 8.399999999999999689e-01 6.233379487636094659e-09 2.621948817815658102e-10
8.888093578713856364e-06 5.455594781168514170e-06 8.399999999999999689e-01 7.634701433811903523e-09 4.860575159279426558e-10
8.888093578713856364e-06 1.000000000000000082e-05 8.399999999999999689e-01 1.016541161179274429e-08 8.586257345780591881e-10
1.442271078350442997e-05 1.000000000000000036e-10 8.399999999999999689e-01 3.086596246088129953e-04 1.107299460409972803e-09
1.442271078350442997e-05 1.832980710832437419e-10 8.399999999999999689e-01 2.041193082756127144e-05 1.599551464028487832e-10
1.442271078350442997e-05 3.359818286283787719e-10 8.399999999999999689e-01 7.768177533698828754e-05 9.116145720373208341e-10
1.442271078350442997e-05 6.158482110660254848e-10 8.399999999999999689e-01 2.887759445486378882e-06 6.357285906820068852e-11
1.442271078350442997e-05 1.128837891684688263e-09 8.399999999999999689e-01 5.471839319169635763e-08 3.380596607352191725e-12
1.442271078350442997e-05 2.069138081114789946e-09 8.399999999999999689e-01 5.977469373000862291e-09 9.904064848203332691e-13
1.442271078350442997e-05 3.792690190732253654e-09 8.399999999999999689e-01 2.079668556568541640e-09 5.224586920974052483e-13
1.442271078350442997e-05 6.951927961775591174e-09 8.399999999999999689e-01 1.912382395491108282e-09 8.504511810202059053e-13
1.442271078350442997e-05 1.274274985703132061e-08 8.399999999999999689e-01 2.278820237579016912e-09 1.026036553366379691e-12
1.442271078350442997e-05 2.335721469090121435e-08 8.399999999999999689e-01 2.391666653985561374e-09 1.998547524404973994e-12
1.442271078350442997e-05 4.281332398719395868e-08 8.399999999999999689e-01 2.678964032999365569e-09 3.798132988168255509e-12
1.442271078350442997e-05 7.847599703514606690e-08 8.399999999999999689e-01 2.689102520766807394e-09 5.573183392248101761e-12
1.442271078350442997e-05 1.438449888287662961e-07 8.399999999999999689e-01 2.578662997492983471e-09 8.689457479081970493e-12
1.442271078350442997e-05 2.636650898730355393e-07 8.399999999999999689e-01 3.073635870782805013e-09 1.384797379026096225e-11
1.442271078350442997e-05 4.832930238571752032e-07 8.399999999999999689e-01 3.270903360496394830e-09 2.816501965172860763e-11
1.442271078350442997e-05 8.858667904100832524e-07 8.399999999999999689e-01 4.029126785663626503e-09 5.519924617467008025e-11
1.442271078350442997e-05 1.623776739188720875e-06 8.399999999999999689e-01 5.104072793299433165e-09 1.028957947310660414e-10
1.442271078350442997e-05 2.976351441631318993e-06 8.399999999999999689e-01 6.229524130175865427e-09 1.597602620974890856e-10
1.442271078350442997e-05 5.455594781168514170e-06 8.399999999999999689e-01 7.577664304698737220e-09 3.100836878397700358e-10
1.442271078350442997e-05 1.000000000000000082e-05 8.399999999999999689e-01 1.015328356399415414e-08 5.722191486028697696e-10
2.340373495198005217e-05 1.000000000000000036e-10 8.399999999999999689e-01 9.266268356814960909e-05 2.758761545480336493e-10
2.340373495198005217e-05 1.832980710832437419e-10 8.399999999999999689e-01 1.682275240125233760e-05 8.696796051817648619e-11
2.340373495198005217e-05 3.359818286283787719e-10 8.399999999999999689e-01 4.361618879297898383e-06 3.609936260154201699e-11
2.340373495198005217e-05 6.158482110660254848e-10 8.399999999999999689e-01 5.907755936317433045e-06 7.971445358187755920e-11
2.340373495198005217e-05 1.128837891684688263e-09 8.399999999999999689e-01 8.761835931337785427e-08 2.759556753787228813e-12
2.340373495198005217e-05 2.069138081114789946e-09 8.399999999999999689e-01 7.782568094750715714e-09 6.800653808822124055e-13
2.340373495198005217e-05 3.792690190732253654e-09 8.399999999999999689e-01 1.917495903028158071e-09 3.792047193376087684e-13
2.340373495198005217e-05 6.951927961775591174e-09 8.399999999999999689e-01 1.983829848681520547e-09 5.444780795713031065e-13
2.340373495198005217e-05 1.274274985703132061e-08 8.399999999999999689e-01 2.202892004876627426e-09 6.357039442239101321e-13
2.340373495198005217e-05 2.335721469090121435e-08 8.399999999999999689e-01 2.493748091975954952e-09 1.168292950924694170e-12
2.340373495198005217e-05 4.281332398719395868e-08 8.399999999999999689e-01 2.581555758858751378e-09 2.389262006322841984e-12
2.340373495198005217e-05 7.847599703514606690e-08 8.399999999999999689e-01 2.969481793772361607e-09 3.453033857454540453e-12
2.340373495198005217e-05 1.438449888287662961e-07 8.399999999999999689e-01 3.021618013749470110e-09 5.236105379570435566e-12
2.340373495198005217e-05 2.636650898730355393e-07 8.399999999999999689e-01 3.004182774646682950e-09 8.586530903649123712e-12
2.340373495198005217e-05 4.832930238571752032e-07 8.399999999999999689e-01 3.325525860819213577e-09 1.777111712252695440e-11
2.340373495198005217e-05 8.858667904100832524e-07 8.399999999999999689e-01 3.910090496136256567e-09 3.706154104131323539e-11
2.340373495198005217e-05 1.623776739188720875e-06 8.399999999999999689e-01 4.942245842113122672e-09 5.816202935612061262e-11
2.340373495198005217e-05 2.976351441631318993e-06 8.399999999999999689e-01 6.216069544282793836e-09 9.670531052515067081e-11
2.340373495198005217e-05 5.455594781168514170e-06 8.399999999999999689e-01 7.574472067211323646e-09 1.917083123081668975e-10
2.340373495198005217e-05 1.000000000000000082e-05 8.399999999999999689e-01 1.011859891145516837e-08 3.304681136114669920e-10
3.797724421743164984e-05 1.000000000000000036e-10 8.399999999999999689e-01 5.737014073520647602e-04 7.561488437641788716e-10
3.797724421743164984e-05 1.832980710832437419e-10 8.399999999999999689e-01 2.408911516460854134e-05 6.855757426929707749e-11
3.797724421743164984e-05 3.359818286283787719e-10 8.399999999999999689e-01 5.924338553009970168e-06 2.861211693646573314e-11
3.797724421743164984e-05 6.158482110660254848e-10 8.399999999999999689e-01 7.126115930720982614e-07 6.785813436073580052e-12
3.797724421743164984e-05 1.128837891684688263e-09 8.399999999999999689e-01 8.982366526572463810e-08 1.730363706129894858e-12
3.797724421743164984e-05 2.069138081114789946e-09 8.399999999999999689e-01 5.858727797036918912e-09 3.727379116435713449e-13
3.797724421743164984e-05 3.792690190732253654e-09 8.399999999999999689e-01 1.750466828380772028e-09 3.009160846649730060e-13
3.797724421743164984e-05 6.951927961775591174e-09 8.399999999999999689e-01 2.095148010743894458e-09 3.325151214242243729e-13
3.797724421743164984e-05 1.274274985703132061e-08 8.399999999999999689e-01 2.258899360180150185e-09 3.893893210996066111e-13
3.797724421743164984e-05 2.335721469090121435e-08 8.399999999999999689e-01 2.413011678854939009e-09 7.777735331696805634e-13
3.797724421743164984e-05 4.281332398719395868e-08 8.399999999999999689e-01 2.623660375385415016e-09 1.483348101531267066e-12
3.797724421743164984e-05 7.847599703514606690e-08 8.399999999999999689e-01 3.021042772548241832e-09 2.116300919883808251e-12
3.797724421743164984e-05 1.438449888287662961e-07 8.399999999999999689e-01 3.023672127095378377e-09 3.226820364542857812e-12
3.797724421743164984e-05 2.636650898730355393e-07 8.399999999999999689e-01 2.919282759180590920e-09 5.794432000602363103e-12
3.797724421743164984e-05 4.832930238571752032e-07 8.399999999999999689e-01 3.319773496678715864e-09 1.094858015721723917e-11
3.797724421743164984e-05 8.858667904100832524e-07 8.399999999999999689e-01 4.179146173786394942e-09 1.954798071307241391e-11
3.797724421743164984e-05 1.623776739188720875e-06 8.399999999999999689e-01 5.209163588283059974e-09 3.955968711076829596e-11
3.797724421743164984e-05 2.976351441631318993e-06 8.399999999999999689e-01 6.226497783881743538e-09 6.011020569890317036e-11
3.797724421743164984e-05 5.455594781168514170e-06 8.399999999999999689e-01 7.605930251324338178e-09 1.153476550821953780e-10
3.797724421743164984e-05 1.000000000000000082e-05 8.399999999999999689e-01 1.010642936470553919e-08 2.087326680662059609e-10
6.162567988868892079e-05 1.000000000000000036e-10 8.399999999999999689e-01 4.430054412447366626e-04 3.605713712625405332e-10
6.162567988868892079e-05 1.832980710832437419e-10 8.399999999999999689e-01 7.670013322985508016e-05 1.167904518128727919e-10
6.162567988868892079e-05 3.359818286283787719e-10 8.399999999999999689e-01 4.014988722245613862e-05 1.105271716221648352e-10
6.162567988868892079e-05 6.158482110660254848e-10 8.399999999999999689e-01 7.898043263926643184e-07 4.477345428814832873e-12
6.162567988868892079e-05 1.128837891684688263e-09 8.399999999999999689e-01 1.501049586296510598e-07 1.598185874638520376e-12
6.162567988868892079e-05 2.069138081114789946e-09 8.399999999999999689e-01 1.027901126486643742e-08 2.990185282282869398e-13
6.162567988868892079e-05 3.792690190732253654e-09 8.399999999999999689e-01 1.910737899822788665e-09 1.451090049027991804e-13
6.162567988868892079e-05 6.951927961775591174e-09 8.399999999999999689e-01 1.941385496920198405e-09 2.035734392326199883e-13
6.162567988868892079e-05 1.274274985703132061e-08 8.399999999999999689e-01 2.166750534818486995e-09 2.444835781351267828e-13
6.162567988868892079e-05 2.335721469090121435e-08 8.399999999999999689e-01 2.488716630010167027e-09 4.676312876034573873e-13
6.162567988868892079e-05 4.281332398719395868e-08 8.399999999999999689e-01 2.590782382089145424e-09 9.097671381708184689e-13
6.162567988868892079e-05 7.847599703514606690e-08 8.399999999999999689e-01 3.081789106576378368e-09 1.286524479127123774e-12
6.162567988868892079e-05 1.438449888287662961e-07 8.399999999999999689e-01 2.999308414561229620e-09 1.988577729490446783e-12
6.162567988868892079e-05 2.636650898730355393e-07 8.399999999999999689e-01 3.133837076202632830e-09 3.235517763532431518e-12
6.162567988868892079e-05 4.832930238571752032e-07 8.399999999999999689e-01 3.271946384563676271e-09 6.617782848572074751e-12
6.162567988868892079e-05 8.858667904100832524e-07 8.399999999999999689e-01 4.135885905423148928e-09 1.231860029784873649e-11
6.162567988868892079e-05 1.623776739188720875e-06 8.399999999999999689e-01 5.085089118390736323e-09 2.398409619602370421e-11
6.162567988868892079e-05 2.976351441631318993e-06 8.399999999999999689e-01 6.169897426655947727e-09 3.593352070993320379e-11
6.162567988868892079e-05 5.455594781168514170e-06 8.399999999999999689e-01 7.586368493805994720e-09 7.205760415239027673e-11
6.162567988868892079e-05 1.000000000000000082e-05 8.399999999999999689e-01 1.012678546213131892e-08 1.324718763131125800e-10
1.000000000000000048e-04 1.000000000000000036e-10 8.399999999999999689e-01 1.395003674027134528e-04 8.331230122357211889e-11
1.000000000000000048e-04 1.832980710832437419e-10 8.399999999999999689e-01 1.600968728525966445e-05 1.977138086096484185e-11
1.000000000000000048e-04 3.359818286283787719e-10 8.399999999999999689e-01 1.065040097219258761e-05 1.854081167673997663e-11
1.000000000000000048e-04 6.158482110660254848e-10 8.399999999999999689e-01 1.902008353750543484e-06 6.107518338624882895e-12
1.000000000000000048e-04 1.128837891684688263e-09 8.399999999999999689e-01 6.738203353917879748e-08 5.462480264866120774e-13
1.000000000000000048e-04 2.069138081114789946e-09 8.399999999999999689e-01 4.098809022844146398e-09 1.283618971791929740e-13
1.000000000000000048e-04 3.792690190732253654e-09 8.399999999999999689e-01 2.105734625969670902e-09 7.365152065456059069e-14
1.000000000000000048e-04 6.951927961775591174e-09 8.399999999999999689e-01 1.878786110147423565e-09 1.137493498224025942e-13
1.000000000000000048e-04 1.274274985703132061e-08 8.399999999999999689e-01 2.143828476798950699e-09 1.530421019249474553e-13
1.000000000000000048e-04 2.335721469090121435e-08 8.399999999999999689e-01 2.487249739245738820e-09 2.809715043679529941e-13
1.000000000000000048e-04 4.281332398719395868e-08 8.399999999999999689e-01 2.689884848051837576e-09 5.426615513477749081e-13
1.000000000000000048e-04 7.847599703514606690e-08 8.399999999999999689e-01 2.647904479328027037e-09 8.012033554234938726e-13
1.000000000000000048e-04 1.438449888287662961e-07 8.399999999999999689e-01 2.719156957936783715e-09 1.233969370233156125e-12
1.000000000000000048e-04 2.636650898730355393e-07 8.399999999999999689e-01 3.215047483150761477e-09 1.997218116266476817e-12
1.000000000000000048e-04 4.832930238571752032e-07 8.399999999999999689e-01 3.267259053383404300e-09 4.015753629241719780e-12
1.000000000000000048e-04 8.858667904100832524e-07 8.399999999999999689e-01 4.344995019362992277e-09 7.046099138511006906e-12
1.000000000000000048e-04 1.623776739188720875e-06 8.399999999999999689e-01 5.251631101147934297e-09 1.484833854918163856e-11
1.000000000000000048e-04 2.976351441631318993e-06 8.399999999999999689e-01 6.221385509925333110e-09 2.263219724330739522e-11
1.000000000000000048e-04 5.455594781168514170e-06 8.399999999999999689e-01 7.684439074579918086e-09 4.236074026257989406e-11
1.000000000000000048e-04 1.000000000000000082e-05 8.399999999999999689e-01 1.016684584400934854e-08 8.308084377072389527e-11
